grid rho1 rho2 rho3 rho4 rho5 rho6 rho7 rho8 rho9 rho10 rho11 rho12 rho13 rho14 rho15 rho16 rho17 rho18 rho19 rho20 rho21 rho22 rho23 rho24 
0.005 1.4078129369730907e-7 1.5768175547822144e-7 8.176102842287133e-7 1.381625991175514e-6 1.0524676609825062e-6 -1.1701458218181526e-7 -5.991269712551234e-7 -4.951710091873757e-7 3.2891748756071204e-7 6.128876478810746e-7 5.45814209671272e-7 9.896043923554587e-8 -4.911671898193137e-7 -1.975280790929984e-6 -3.034272374503877e-6 -4.064071605722891e-6 -4.310128337223218e-6 -6.030345993737751e-6 -3.895520702713873e-6 9.670960583914312e-6 2.667853192979408e-5 2.3442698911593784e-5 3.206617843858062e-5 4.354258789501797e-5 
0.015000000000000001 -2.5137379504325263e-8 2.1525688308644125e-7 8.554792031018055e-7 1.5755152023289032e-6 7.758332082243719e-7 -1.0427523571172881e-7 -7.0255288938878e-7 -4.6894241419702387e-7 1.3641678203724084e-7 6.183601569155484e-7 4.1988132463109673e-7 3.6847068538709005e-7 -3.726595725582482e-7 -1.912689008565227e-6 -3.3014569266777427e-6 -4.069723591546698e-6 -4.388250969718233e-6 -6.195428694372174e-6 -4.381839114990516e-6 8.871080458758285e-6 9.455117724876949e-6 3.790729677516369e-5 6.400045449717062e-5 4.4188221798996397e-5 
0.025 9.448587142725506e-8 -3.890949936379007e-8 1.1301565055760882e-6 1.6515093732676067e-6 7.296500829749586e-7 -3.5764867816444335e-7 -6.018133951249394e-7 -7.241697492967741e-7 1.9254551846155377e-7 4.602811348210223e-7 4.7108472214264785e-7 4.807560850719067e-7 -7.974015545086921e-10 -2.0183525884474862e-6 -3.529390828291984e-6 -4.096382089438522e-6 -4.529081141894931e-6 -6.06852266857999e-6 -5.691844818384029e-6 -7.5568126998992735e-6 2.22350749982253e-5 2.2586769656690597e-5 1.3818552828046005e-5 4.056508233138412e-5 
0.035 2.1151585951478813e-7 -3.31049919075066e-7 1.240565824806722e-6 2.192118710598462e-6 2.831827743653148e-7 -2.793470821847721e-7 -8.639661009616356e-7 -6.968654688022102e-7 -7.665720580009305e-8 7.283257795476228e-7 9.073793543791508e-8 1.0125180362977743e-6 1.3104836660282615e-7 -1.8501888818765744e-6 -4.094229323799159e-6 -3.95060910443612e-6 -4.662307765031237e-6 -6.031375494527924e-6 -6.928289082372419e-6 3.322244312292666e-6 -1.5165353729404418e-5 -5.144437944387681e-6 5.823788217992898e-5 6.140014844474573e-5 
0.045 6.238112206262067e-7 -1.0768440918259778e-6 1.919482351840293e-6 2.1762296004319837e-6 5.234635168469698e-7 -1.0682919582803707e-6 -2.406311923591059e-7 -1.6398365001394494e-6 4.745451020853053e-7 3.8479669706679986e-7 2.84495141941038e-7 8.793003282089873e-7 1.2634093523970769e-6 -2.5992122786554217e-6 -3.922326132811682e-6 -4.641729283057228e-6 -3.860659871304795e-6 -6.748133218534291e-6 -7.638557970000848e-6 -1.3109663545875228e-5 1.5211207708351604e-5 4.029195205673686e-5 2.0905409019167376e-5 3.515375489870909e-5 
0.055 2.1442153208582962e-5 -1.1887949355384592e-6 9.655142719187937e-7 5.477339502270306e-6 -2.1929044629644123e-6 4.7042143986632257e-7 -1.4368934069496075e-6 -1.0996727130025558e-6 -2.476080585359086e-7 1.363109157189249e-6 -9.503685765872155e-7 2.1415947491949805e-6 1.1574682990712903e-6 -2.147339062032877e-6 -5.082968080466488e-6 -4.2787531483179375e-6 -3.8751967393682585e-6 -6.778778347503456e-6 -8.838116205903135e-6 1.6411502461524674e-5 9.2386550912954e-6 -3.2349712834542355e-5 0.00012299231355594742 0.00016435329825495448 
0.065 0.00022233286408768638 0.00028196087367552726 0.00015840507058217067 4.347340583138112e-6 -2.7726925429672616e-6 8.463174651536509e-7 -2.2675299915075192e-6 -1.0302645160609192e-6 -1.9183394970190976e-6 4.18471018102419e-6 -3.197029316368699e-6 2.3667623590996334e-6 5.515593152864706e-6 -6.5355807596541304e-6 -1.4461289378660258e-6 -8.888640482245663e-6 1.1335030358772258e-6 -9.342669696037198e-6 -1.0574637750518368e-5 -1.4138082969801513e-5 4.8261422242595886e-5 0.000411986756018376 0.0005949132313887162 0.00028447777172119215 
0.075 0.0006728108197147104 0.000526587163405829 0.0006100731762453786 0.0008964433893850297 0.0010780831667850203 0.0012363054560435207 0.0013778989878860184 0.0014137314512184095 0.0012214492928594618 0.0009011619458193249 0.0006657385837918663 0.0003026395250273206 4.920359545149133e-6 -9.216225955142876e-6 1.00235259458889e-6 -1.1834650130888857e-5 5.708347216790144e-7 0.0002601199496025247 0.0005585996639453916 0.000854905836242259 0.0012931586672291356 0.0011976441742004434 0.0005823114002323493 0.00015287527861049255 
0.085 0.0031194599625664022 0.003499838851281768 0.0036556059843107554 0.003347801847709635 0.0028215633283635005 0.0020837646443653927 0.0011938269711612819 0.00036934874345332 1.2275155585137615e-6 -4.249349650452261e-6 -6.530624239303728e-7 0.0004812126239399882 0.0012585149782528247 0.001739406413927072 0.0021125002046071956 0.002505979465226675 0.002803802315396245 0.0027597714407710805 0.002714131357689324 0.002550501071903709 0.0016447195303716938 0.0007143764319133411 0.0004049427016199203 0.00022107682880190271 
0.095 0.009723873028775294 0.007867994184115488 0.006501255513830461 0.005899618544520343 0.0058852040300190565 0.006508304201237759 0.007728676713183091 0.00923368359375858 0.010386375094288735 0.011029133270004828 0.011344762399011958 0.010717766886229971 0.009302628867323935 0.008038926377402448 0.007012088000122978 0.0059914157147740454 0.005025748761254729 0.004231843716057462 0.003089632936066622 0.00171605566396376 0.0011290340753731393 0.0010221199965760458 0.0006958703261970844 0.00025661273698115994 
0.105 0.035307554397203886 0.0370155458497724 0.03757659599630005 0.03675388158421973 0.03479139424051995 0.031686484827069594 0.027569212018106835 0.022912420917368816 0.018567312649468096 0.014909996554256797 0.011943341950452959 0.01031365111053813 0.009790566595715977 0.009143037176717779 0.00805101266430925 0.006851025175502127 0.005539984356378765 0.004044718688142948 0.0031748251527486185 0.003074715385463847 0.002489297397334847 0.00146903506920322 0.0007379209985391988 0.00025185463933471985 
0.11499999999999999 0.08994910069426566 0.07448014404449632 0.06251641201538335 0.053839635530996334 0.04773916941593066 0.04389224736045809 0.041849088028495005 0.0408228572471794 0.03958980043156468 0.03742508131524252 0.03407912434354324 0.02899026917927653 0.0227782222628356 0.017208336075967383 0.0129533045115514 0.009608734707986823 0.0071079359994718 0.00545250915127294 0.0035726253977673775 0.0012568589029496313 6.037848614449948e-5 -3.462761857947472e-5 -6.059985847850502e-6 2.8305729830174764e-5 
0.125 0.22479003034600623 0.1733526663251942 0.13132936882714624 0.09708523391953512 0.06975023330705256 0.04795561358269386 0.030713915412590442 0.01750032658582156 0.008402762536271688 0.0031379989726134164 0.0011328510110637877 0.002092581190179209 0.004532557169343015 0.006198778588099776 0.006393476975546236 0.005805804227436689 0.004734963810852123 0.0033963156791943713 0.002954840113037621 0.0033045060000728987 0.0027214805315679824 0.001442274407761554 0.0006299674370706387 0.00021535759286012146 
0.135 0.5298849006610827 0.4297791779208745 0.3424759514764879 0.26830180830071093 0.20600527035476737 0.15515152133303622 0.11449343266456795 0.08252410122130874 0.05738695784256883 0.03789115542055473 0.023178119421357352 0.012195388942731582 0.004912764557656133 0.001552409019393939 0.0009064282868517272 0.0011901146221381283 0.001712646551916934 0.0020970054940054605 0.0014446226007438015 0.0004707959150558952 0.0006375204944591983 0.0010682104260428121 0.0007606589774555861 0.00024581070748042055 
0.145 1.0799827542651321 0.8652534346544352 0.6911415233387318 0.5473901750192287 0.4290709692697622 0.3310258125389268 0.250673826339268 0.18582490825869188 0.13482272920684438 0.09545570960856598 0.06553861156548195 0.04334946018390755 0.026880547987821052 0.014793100392534661 0.006927904861213276 0.00285104843823214 0.0010554609680409749 0.0004937288155006797 0.0009353267491789274 0.0011109656917387273 0.00035092578933582086 -2.260098067620453e-5 0.0002273675420050303 0.00020583463333986862 
0.155 2.0011181702148226 1.6093444212960957 1.279174008201009 1.0088390896257966 0.788206304523865 0.6106537448832711 0.46744100801629296 0.3523610773439152 0.26026140081874677 0.18775219006184743 0.13194847431453874 0.08998451676344946 0.059404720215193614 0.03752648763349978 0.02188782210750988 0.01125233908715502 0.005092230959822565 0.002023166794470725 0.000550478166345264 0.0004019322724110527 0.000724421432694855 0.0004354073277746534 0.00011733340461589359 7.340620388207597e-5 
0.165 3.301903495730836 2.6794037570936657 2.1568961230755224 1.714370857126828 1.347492550127035 1.0451356326950378 0.8012795527995159 0.6064543891014123 0.4523973543303904 0.33120292045398936 0.23675444119366937 0.16447039508826622 0.11048538422347623 0.07155942953157032 0.044417211514487936 0.025795826700890975 0.013342516052969149 0.005998849395971381 0.0023747725845268616 0.000641911990375936 0.00020285209099100976 0.00038991856901662847 0.00026675211783205866 7.599738129013267e-5 
0.175 4.910347121844143 4.029686145611141 3.2769069024539452 2.6440918783421012 2.106799649813492 1.6583658652692135 1.2849390177673412 0.9803043795825441 0.7357157272421511 0.5428302212098767 0.39274330162858867 0.2772773071826643 0.18983438715042728 0.12516500125579763 0.0790598987349375 0.04756544809972332 0.026791661491115844 0.013430461235081938 0.005729338430822059 0.0021211789564533692 0.0005428026672919112 0.00010943374496273639 0.00020935415226686072 0.0001268592500651422 
0.185 6.53171541477701 5.478272437867368 4.5436959119368705 3.721013337020187 3.0180355391668248 2.4144417140846914 1.9065125574717827 1.479991866243826 1.1279521048335028 0.8424897941820867 0.616065611633417 0.44028120059844134 0.30629377260834423 0.20601619551870523 0.13280006071699985 0.0813705277726123 0.046994099532609614 0.02520388671002835 0.011908341548654694 0.004633254286066403 0.001511586926312286 0.00035242943175646524 7.413891050522814e-5 8.886108202391108e-5 
0.19499999999999998 7.825905808414254 6.725430642057933 5.720232309223676 4.80940541245099 3.981191034799142 3.2559470832487483 2.6205483550638298 2.0778894657391427 1.617627144558253 1.233505268371716 0.9187872423473366 0.6670232338023633 0.47098477903426206 0.3222979949683619 0.21224445753149027 0.1330994160109767 0.07858639395988244 0.04312068000781842 0.021597725026727306 0.009307834995907725 0.003144019055612013 0.0008368534657299254 0.000179701717507863 3.6189184546980835e-5 
0.205 8.40431162245439 7.496390734555618 6.5745641732269045 5.684061204884242 4.85294769525339 4.069257148246847 3.3629063206783814 2.7280793530144543 2.1743332851476103 1.6980738369962076 1.2958233195981759 0.962874260856628 0.6942607131541474 0.4841541246013845 0.32522342142288446 0.20882621025002057 0.1265681884796463 0.07131245307883308 0.036644534670578384 0.01673324781858339 0.006304887306717022 0.0017248544298416324 0.0003475414501706575 7.150061426194898e-5 
0.215 8.136138589106023 7.560277218899842 6.912011780110117 6.197805371694112 5.454239663701744 4.732754695809615 4.023586882652936 3.363312009446325 2.752978841579637 2.2070528160426486 1.729102182536448 1.3198930641321043 0.9776410930754551 0.6993943416295082 0.48091314999130497 0.3161051748470838 0.1967982210378935 0.11425944191231782 0.060591915118681644 0.028535209890384605 0.011450401709905272 0.0035276488356848767 0.0006971953851634544 0.0001000222513806992 
0.22499999999999998 7.07727157683669 6.955227700443896 6.643908992154901 6.223826891794375 5.708164984543573 5.115667963942379 4.51199913602214 3.889822998949546 3.289083448231521 2.7170369647837442 2.191326854750552 1.7216058979346855 1.3133320927304621 0.9682001890356691 0.685726275581281 0.4634797589826227 0.29665204707083326 0.17764951711235358 0.09754241876961389 0.047688224357755535 0.01988661116730031 0.006592862307413724 0.0014778506756647075 0.00016401759294557006 
0.235 5.55841660272668 5.810326205956433 5.890480086605568 5.776690199782543 5.536368790748015 5.190134083983836 4.735474323114886 4.243440111185774 3.7084084917916065 3.1704743698084217 2.6419957115418518 2.142643725272132 1.686702248747176 1.284057392812999 0.9400662164406968 0.6570002351401132 0.4344294735236423 0.2688123035709344 0.1530571267019014 0.07797168370278859 0.03402378150277573 0.011852967257561936 0.0028991497039485004 0.0003654885706701194 
0.245 3.935020845821639 4.4467069478146675 4.787519785807253 4.992027211285433 5.01626921005058 4.908115704045406 4.696497414575294 4.358842373140838 3.964884239750562 3.5098996249043912 3.0316539715000648 2.546158107797473 2.074413806372308 1.634105256055008 1.2390148758262356 0.8981178722898692 0.616602779844486 0.3961798891562715 0.2345056473483041 0.12476794708027213 0.05722739610227578 0.021099956544138807 0.005499712514382693 0.0007642715302937086 
0.25500000000000006 2.528462974267949 3.115234453049916 3.6167825777082143 3.9886852907308605 4.262212685194064 4.3789006319313994 4.363969193361215 4.254704523372936 4.01212855031527 3.7003854676335086 3.3150001319661864 2.889906156770214 2.4432990564637205 1.997064524262483 1.5714448566784838 1.183633643705369 0.8461354479529509 0.5671880637294054 0.3507425667911482 0.19551322913176178 0.0945893448310692 0.03712999362601877 0.010425079217533939 0.00156067573389429 
0.265 1.4651454240791362 2.0094873886322113 2.530170269456436 3.0024191433117347 3.3749177172471745 3.6819435687784843 3.8590970895674084 3.9086501341648185 3.875394399606418 3.7082683427911336 3.463556206020661 3.1365315895665247 2.7566230596358134 2.342971993739879 1.9180517786079079 1.5041888137018562 1.1217120393657518 0.7866750695121029 0.5105707602743139 0.29968560893770163 0.15354677525746904 0.06452345203070853 0.019689582918071616 0.0032776491642905192 
0.275 0.7809776470752541 1.191843534260522 1.6491264852477552 2.108681782116013 2.547139971152626 2.9064853427796686 3.225972664217505 3.4424614589325118 3.5367027559711093 3.559559064736252 3.4518265114070252 3.2610274400219073 2.9817693390500706 2.638834758411813 2.2513880041327536 1.8423153279410545 1.4358644315878408 1.0555088991225943 0.7211056832143576 0.44778061010474457 0.24426855182717258 0.1104851497239722 0.03699411912133771 0.006988271152542566 
0.285 0.3753632526355352 0.664394499224589 1.0042919235633954 1.3937174886908348 1.8010088572545844 2.207793233177489 2.5495710026705747 2.870095643563631 3.112647786565022 3.2386875692669466 3.3034690923342 3.242777294873992 3.095262312811966 2.854475565119656 2.540664541532292 2.172376176236392 1.7728487834992395 1.3683627762635637 0.9858877343959689 0.6497002999452128 0.37921385598737545 0.18574979686867416 0.0688223561369522 0.015045342131123768 
0.29500000000000004 0.16725226367194185 0.33731999220213427 0.5836423869124231 0.8718905992711308 1.2090645256667243 1.5732544789028475 1.952984955596855 2.2776111580994365 2.5937744470060533 2.8545463595410814 3.0045235916165964 3.1016614030146443 3.0790026720660197 2.9665729126979787 2.7564520310446863 2.464504333241446 2.1082109410148853 1.7112070559963093 1.3021903267086343 0.9124117636372532 0.5717238344074329 0.30489962641705953 0.1259803455253724 0.032349574907691164 
0.305 0.0691165792421948 0.16413081272332267 0.31015295881824656 0.5257240867511067 0.7761417985969062 1.0731825625648648 1.40242551187726 1.760316594476195 2.0705301207590976 2.380578612670123 2.6554094914075663 2.8250565551781968 2.9485821056703814 2.9578144460732583 2.8744672370071545 2.6886553810683735 2.411901111673741 2.0602510408394434 1.657872929928908 1.236584459036476 0.8333212696289903 0.48551022559254475 0.22502371711185642 0.06857247799171018 
0.31500000000000006 0.027524206093597868 0.07614502442626868 0.16178526821348768 0.2898201363261996 0.48300046935634444 0.7054949802724647 0.9716851246590155 1.2727942079432977 1.6138468126558738 1.9134091189753468 2.2177517362881014 2.504990154942515 2.6926464204084684 2.839405294645831 2.8768341823590795 2.818526363992685 2.6519938417699693 2.384221792681086 2.0294055061632075 1.6124476878484524 1.1694195687610989 0.7453281758643506 0.3886048597230199 0.14120035805933306 
0.325 0.011338767923256554 0.034955523822665424 0.08084686050606871 0.16020884854284775 0.27399521384712777 0.4506611053435998 0.6524742405629786 0.8949406753229993 1.17342219951122 1.5021205682270198 1.795192955083344 2.0955217524224037 2.395270132892633 2.601262487527328 2.7703902531525175 2.8344939819179156 2.798997877227077 2.647936400779101 2.383187029163429 2.016462847598757 1.5736245469983308 1.0967866914817672 0.6431352751845707 0.27834808933653676 
0.335 0.004923449464813712 0.017120095483853445 0.039942258767101516 0.08466881808830298 0.15906340982511583 0.2611986742898179 0.42547519960730723 0.6120368434288103 0.8363227492782982 1.096521052118193 1.4167320266655359 1.7076101926263854 2.006407323030548 2.3200520696501874 2.5463521259398108 2.738998603254716 2.8303382779833153 2.817255109776902 2.679060008004134 2.411371972637399 2.0223145748380933 1.5388409154537537 1.0119780214598764 0.5185409577609856 
0.345 0.0021117355119410625 0.009165658158053619 0.021292228111988686 0.04359209279394677 0.08797788857286826 0.15809498917289858 0.2503875245240883 0.4051145395485404 0.5805998233153602 0.7911168231496294 1.0363707811357856 1.3512938681712023 1.644311963667438 1.9445966169319984 2.274524574048969 2.5246082869134314 2.7438907775605945 2.865240197342847 2.876241107723555 2.749662744853576 2.4727886025985044 2.0480802704688625 1.5033212040299688 0.9031175461007023 
0.35500000000000004 0.0008920885046757171 0.0048794798761466265 0.012937196360023225 0.024096399117814592 0.046483051522909144 0.09075612895039024 0.15714054666444216 0.24076155581626352 0.3877614403467698 0.5554319057569159 0.7558158758653186 0.9885997822099101 1.300688996759008 1.6001766897242673 1.9053951955209596 2.254822579893611 2.533673893975488 2.7848486985897543 2.9415962436333514 2.981000951839393 2.866600351366943 2.5737154980094075 2.0950831692398273 1.457610066927275 
0.365 0.0003994964099678783 0.0024944966003477564 0.007942682334907344 0.015903756073033272 0.025915394649807157 0.04875724303557523 0.09286848410612532 0.1560879247198748 0.23167729973261725 0.37187383215787034 0.5342456306300094 0.7276400284150939 0.9496973546723815 1.2605104865036028 1.5707153930749835 1.8847036968063706 2.257556371983551 2.571760593089654 2.8626106976479235 3.063518730651245 3.139407710873017 3.040588334671561 2.724084864184008 2.164444253769643 
0.37500000000000006 0.00017912512706580452 0.0012828180704010234 0.004616590706049348 0.01086068121749946 0.018100650669376772 0.027007728000398232 0.050306431503153046 0.09412202298350286 0.15484492080967446 0.22262631211163647 0.356053640614821 0.5149004641086227 0.7041743994428307 0.9166761308332679 1.2266298741214738 1.551517865872677 1.8784674100112455 2.2792482279405237 2.637103427294565 2.9785330469294293 3.2369843967403935 3.3632027786140597 3.288422212104654 2.9401838181741167 
0.38499999999999995 8.313324243863773e-5 0.0006504500397578467 0.0026297553632783494 0.0069674474648374896 0.013445752877838842 0.01970421740673644 0.027478336567571086 0.050894987446770644 0.09424342982029613 0.15330957897576186 0.21326037502168424 0.3390087276316098 0.4951787286119473 0.6830523753993794 0.8868285139668802 1.1948683483003406 1.5376977029957182 1.8820300350680113 2.3155840540264125 2.727104809704608 3.133879811317771 3.469776160524545 3.6694886771757482 3.6371392728682532 
0.395 4.931495725668533e-5 0.00032853124770915176 0.0014543677157658613 0.004306096257523928 0.009335928146712857 0.015696986958245365 0.020917987318712448 0.027347517121852072 0.05022983291996536 0.09282477944017689 0.15131716707857792 0.20344853861808776 0.31962956184103175 0.472645584683094 0.6616347415679614 0.8575294356747141 1.160781365708356 1.5233325405745246 1.8893293133319686 2.3603600472056803 2.8369311936606945 3.328346184558531 3.7707785288819413 4.082793824569161 
0.40499999999999997 2.2087604815979045e-5 0.00017849678552901704 0.0007849134368902166 0.002548704511363964 0.006166284619012717 0.01162409962878544 0.017717625355189587 0.021950225284392364 0.02664889010418987 0.04802580247477636 0.08926178168728369 0.14852619255075505 0.19332681289382117 0.2972153297351012 0.44466942291722394 0.6366756501376277 0.8260313692464837 1.1196002824683275 1.5009715529699166 1.891921240286914 2.404009435773485 2.957230943339693 3.5570899175302086 4.147545819111781 
0.41500000000000004 8.895715544743332e-6 8.191813262725667e-5 0.0004360885626050054 0.001448935445185276 0.003848372222415089 0.008101138721568375 0.013824187548404799 0.01966087119116477 0.02303767008227601 0.025538484589655852 0.04412580540065596 0.08273216925763394 0.14420556084699193 0.1832471645441995 0.27186069741532654 0.40876280539519655 0.6040581646551688 0.7891889914156642 1.066391562275631 1.4614170238859536 1.8779763335571547 2.431717491592019 3.0706432888825033 3.8050892412810002 
0.425 1.0082792976928712e-5 3.087831427460441e-5 0.00021492631282413188 0.0008273234508015051 0.0022744474305339685 0.005260464104464568 0.010044623383298305 0.0159816831488465 0.021702881509123688 0.024482652579032455 0.024406772981460906 0.038727688560369865 0.07232515031986202 0.1369354549031893 0.1734464533370063 0.24488155995433655 0.3634572215569842 0.5588798558691086 0.7431022606757154 0.9964719262400409 1.394169256738533 1.8317470387147743 2.421572811113076 3.147207237103679 
0.43500000000000005 1.0828285253172698e-5 1.4967563980242127e-5 8.861905736630427e-5 0.00042992815421326325 0.0013218591123022663 0.0031915902058886336 0.0066938263134164525 0.01195399244100755 0.018155305931557078 0.024016528600772757 0.02666209172851224 0.02395694678530079 0.03273948188958083 0.05753469974519917 0.12441915466974607 0.1632306181570225 0.2188668264754407 0.30978953501086803 0.49644248812585784 0.6828785329528999 0.906046080733257 1.289070201577187 1.7346166563029224 2.344273287064953 
0.44499999999999995 1.5659443867999112e-5 1.875002335165188e-5 3.56029209988562e-5 0.0001909743536409117 0.0007050684631852711 0.001869468826697085 0.00411557137883576 0.008052458299230916 0.013772422436225847 0.020364851793594832 0.026731596906973305 0.029999769009032926 0.02516582855755147 0.028093815737149138 0.03927164951954354 0.10395007316020173 0.14974190349095162 0.19655230660228196 0.2528499033482907 0.4147905775311526 0.6032243157267025 0.7930193270151481 1.1395509105600932 1.5694429386657265 
0.455 1.843277015120548e-5 2.0076824422746165e-5 1.760691313752727e-5 7.00848814434718e-5 0.00031995705013394826 0.0009910360226340204 0.002393518341091243 0.004951883952402335 0.009236616606092627 0.015413141470459538 0.02253508396974479 0.029806290245950554 0.03480542124987929 0.029032374962344697 0.027713777974929008 0.021272705147733606 0.07447699682330555 0.12738357820997584 0.17784619231371848 0.20164020867838392 0.3186021586508929 0.5010542625515675 0.6581589360203522 0.9471505116674106 
0.46499999999999997 3.932757262764541e-5 3.5987733152526014e-5 8.238036100852164e-6 1.5265850357090716e-5 9.55896261410974e-5 0.0004278391531074843 0.0012147076461771489 0.002777314600273164 0.0055491590342450665 0.01007270450443529 0.016692722271751705 0.02445583231970817 0.03292679575215138 0.041086389644130056 0.03613814145502353 0.034626470250649896 0.010721407587327685 0.04052515210658737 0.09047502331123876 0.1561783464149712 0.1646413206007999 0.22174161787008725 0.3805311109944392 0.5071174406464669 
0.47500000000000003 4.9731975164390985e-5 0.00010882497313013939 6.393635011876786e-5 1.1873576347826154e-6 -2.916002621311531e-6 7.785834324289947e-5 0.00046878819019869483 0.0013236009970792224 0.0029325661570484343 0.005756745992321552 0.0103171576838949 0.017271009988030495 0.025689805017449628 0.03526868045931057 0.048132283085877345 0.046025909492038816 0.05016999951831776 0.016171099016108748 0.015433574118046403 0.04138942651960001 0.11960910429569412 0.14127293641515942 0.14308754289119213 0.2573265677286812 
0.485 3.449188833853922e-5 0.00010744267702963994 0.0001954822823373864 0.00012853481022347124 2.077081166108191e-5 -3.858184463405301e-6 -5.198027017497275e-7 0.0003199071883744353 0.0011561422117539917 0.002701223280507717 0.005397869253519812 0.009687738627708973 0.0166465533646634 0.02554645503470613 0.0352968665817376 0.05394317320043117 0.056492941619895036 0.07209115983499914 0.04224875898910106 0.01824187718261559 -2.927456755090138e-7 0.06390408581277726 0.11912927446638631 0.09474283441472389 
0.49500000000000005 4.3418675849116184e-5 9.751829122064959e-5 0.00017790449237282957 0.00033881971974458747 0.00032910649513263196 0.00015495347640299278 7.147722098557047e-5 -2.377199534095431e-6 9.78135468460671e-5 0.0006585948660811289 0.0018846926393897671 0.004194502614761602 0.007811146475077656 0.014199562378178427 0.02335873821704814 0.031055550868632147 0.054731953817498645 0.0624513898884624 0.092907037123034 0.08350595812841415 0.06086505938707417 2.123966546044298e-7 0.007960406156837544 0.08353573078048611 
0.5050000000000001 3.758518683852352e-5 9.137858177563074e-5 0.00019502004584143195 0.0003573031856194536 0.0006724591201814553 0.0009149147038233982 0.0008234008226498668 0.0005935307342542356 0.00028310532249548395 -1.0737867520496658e-6 -1.4011350627472774e-6 0.000492587338378047 0.0019672017314910015 0.004287658552220739 0.009003001253361266 0.018597406620440633 0.021327851030475756 0.04597073495794497 0.05526451320679499 0.09780784978184846 0.12026799026731054 0.1336508691863219 0.06905833998748667 0.0018345656311514157 
0.515 8.32712652429346e-5 0.00018305796418705 0.00019927389655997885 0.00023807589826715936 0.0002907277604663125 0.0005791364091399173 0.001184421877732482 0.0017373551942699225 0.0020875538643844865 0.0020772984576485076 0.0016234898118894746 0.0009187582579610332 0.0001386521692916219 -5.624421985008649e-7 3.8366437865242076e-7 0.0003084259148288318 0.01053778058679399 0.0069049185031301325 0.026893005268743483 0.028133868954820014 0.06508800022520346 0.11047420267521839 0.19062999043009204 0.1991073743159294 
0.525 4.190523853336847e-5 0.000250136085872682 0.0006476025551777759 0.0010290489756859672 0.0014545815449271832 0.001747139095112371 0.0018997085667089506 0.002355702218828984 0.0032744161394420747 0.0048187193364074635 0.006952872935055837 0.009137859958694827 0.010793046800842629 0.011233875759903995 0.011235814433333772 0.010843529641248791 0.0031141051468334523 0.01112767771579812 -1.6035816171027645e-6 0.012854567742063162 -4.6364091734699825e-7 -2.776031360080672e-8 -2.5481783681811226e-7 0.10137321334677189 
0.5349999999999999 8.857481582427718e-5 0.00011470448678801981 1.1939023966331397e-5 -5.709854904861755e-6 -3.816764780444071e-6 0.0002744615608816364 0.0009708193823201178 0.0016874650631696145 0.0022111674298463425 0.0022634565326320154 0.0018113170733418012 0.0015865061517483271 0.002633527471010595 0.0062301188386973405 0.012393213621441843 0.022245741993666628 0.045325769188892626 0.06041351223302397 0.10663966678034148 0.14570498540371568 0.23428843971202784 0.34529848040866884 0.5037100979901812 0.6158002621595963 
0.545 2.0612377400058834e-5 5.107284941768819e-5 0.00017214092579778684 0.000372747533077325 0.0007904458243444476 0.0012076416280898394 0.0013290664756698475 0.0014050914309065785 0.001780726799896059 0.0032439013678170134 0.0069428172488165095 0.013922562447764904 0.025469702004169998 0.043099795772492996 0.07051103662661538 0.11177586877763332 0.15971134157471678 0.2443682726902337 0.33193112221572585 0.4675880063585656 0.5974149256826047 0.7366778082602756 0.844503043190777 1.0167988425693348 
0.555 1.7234292383483396e-5 0.00010572527053276382 0.0002684975324716149 0.0005043776241560327 0.0006247455106477701 0.0007048121081829409 0.0012624334793794392 0.002857285782257961 0.006525435080715399 0.013657422616904571 0.02588177429435016 0.04548639372691961 0.07544630016805362 0.1198533083458369 0.18103392562810616 0.2591614517062741 0.37076307351875387 0.48670547228990313 0.6428681945628524 0.7910553217035947 0.982082801349895 1.2208585383149 1.5915417731884054 2.042670574035929 
0.565 6.423750306544518e-5 0.00016204420683757492 0.0002718513519538168 0.00031818724861229497 0.0005542515939475912 0.0015130565536465232 0.0038682514394145287 0.008996514335861926 0.01880659333818053 0.035644467214230535 0.06261232700922915 0.10336746716744635 0.16171549682464445 0.2396882050597445 0.33997745820414754 0.46978984276011043 0.6117998663524045 0.8018340068111905 1.012560364151172 1.3143708758243926 1.698719400670461 2.191966329566482 2.7107449520461078 3.276374379617559 
0.575 4.62709797609262e-5 0.00011652769591266599 0.00017470854491406784 0.00048491713159938554 0.0014947165211784755 0.004035964204278722 0.009872916010700283 0.02138220388138391 0.041490931005102025 0.07390167699881751 0.12264360437419952 0.191389933666303 0.28258508813148725 0.4000908079080496 0.5486494886610493 0.7253755274610236 0.9657898123898498 1.2558255807400254 1.6557795157479287 2.1264170601650947 2.6764613167930684 3.2688816263452174 3.998438563837322 4.924083345635173 
0.5850000000000001 4.921650186354154e-5 0.00011359053469182923 0.0003381849230092715 0.0011179512406617187 0.0034068349265257286 0.009193075242641506 0.021212170752790346 0.04289709232535195 0.07847538036767407 0.1323724989839941 0.2085011743667581 0.3102039016570679 0.44275633243505946 0.6125308396336467 0.8272352040384184 1.1165343691876943 1.4693221174227633 1.9255508964579795 2.434462949694011 3.023671655340301 3.6961604508345314 4.533821279036527 5.503237730233687 6.526567356674814 
0.595 3.686663636037757e-5 0.00016072242621720245 0.0006437183270126268 0.002390136861856948 0.007411189017406811 0.018724584611811736 0.040249388503733885 0.07678228018639116 0.1332853473490922 0.2142118698819041 0.3240474343561772 0.4696510169993909 0.6597499180682004 0.9066947912297889 1.230823908261149 1.6203748157472724 2.099676265325811 2.625458405493521 3.245273289376317 3.9644605281013594 4.818763747770621 5.738617869914894 6.710414553176587 7.825989889256414 
0.605 5.2233176829619143e-5 0.0002834526239812313 0.001350031296456708 0.0050907321595856925 0.014686094291906093 0.03450877564259731 0.06996702299767697 0.12671861024631143 0.20998247645523746 0.3253785753369566 0.48105494339279975 0.6871645342410442 0.9562344147165984 1.2995632927855727 1.7053988846853652 2.189201182595457 2.7206793523356523 3.3513276915156203 4.066439294206925 4.8671429406152535 5.690157159446963 6.558396990926298 7.503221984036185 8.407133885145832 
0.6149999999999999 7.527478526753173e-5 0.0005570393723820788 0.002853204306513951 0.010052555492060487 0.026876127592420813 0.05939783202699271 0.1141641883541959 0.19731632367997498 0.3154500069034831 0.4775209897205629 0.6940027731918893 0.9754311953414807 1.3262384928714792 1.7357098680514729 2.214072149537516 2.740866576875288 3.3579923140974746 4.029274991782294 4.742615244549711 5.452650896031486 6.1864730784930515 6.92317928515019 7.561347773228324 8.133344983095357 
0.6250000000000001 0.00013130753817522378 0.0011867515587318106 0.005743011918644611 0.018618581227056175 0.04655434920921072 0.09718229621718619 0.1777593891652992 0.29574694679397884 0.46050155445692736 0.6821209877726762 0.9686090287378765 1.3197443876223374 1.7258601669729419 2.1930081164900463 2.7055492195456066 3.290269814273646 3.897662312251619 4.5158179545290995 5.112273170238005 5.7021058864028396 6.235925887863273 6.642475874519772 6.952040115464481 7.0797491683894025 
0.635 0.0002829748564414647 0.0024875302978896036 0.010976293580136631 0.032980150953336625 0.07739251280213921 0.1529164621448134 0.26795663461812597 0.43206826572033397 0.6547293633650858 0.9416470150321651 1.2894682345734878 1.6888233662105088 2.141629952180578 2.6333057660190327 3.1758091057779305 3.714817147318338 4.243056515543605 4.733447513682936 5.187266241930564 5.5476075270597835 5.772957843117317 5.887067642170492 5.813646623913798 5.556562849277316 
0.645 0.0006363983528469286 0.005020484015415619 0.020246743377869136 0.05650649198523563 0.12444487070633875 0.23380568407856075 0.39440837750481306 0.6151734372053903 0.8999984414565124 1.2432409906754427 1.6348350686710504 2.0724515941341592 2.5404735867210775 3.0387655426038016 3.5137899015138254 3.962581648671399 4.358908084952691 4.694802290885415 4.9181767437483455 5.010670297134404 4.989082952736359 4.792771899044896 4.4461393989671905 3.937679559693439 
0.6549999999999999 0.0014050616244664499 0.009879099211010031 0.0363990384061973 0.09411023464547391 0.1949556803519003 0.34946025901717825 0.5662353465065213 0.8478794909201898 1.1868571882225336 1.5714575651643425 1.995050036103147 2.440028392801578 2.8972232247795935 3.316590236868427 3.6977369774511324 4.013841452948356 4.253030163535994 4.373136951539531 4.371750920810419 4.26037535621684 3.995710718239135 3.61528389513862 3.115337733627256 2.5249400660271 
0.665 0.003074860758495862 0.01913152216611487 0.06394406104752517 0.15305553084479956 0.2987807679678457 0.5098764093163443 0.7881025925277098 1.124190895518294 1.503942313393488 1.9163415295167943 2.3413789016808857 2.763340637999312 3.136467571884912 3.4613535313303507 3.710911625682794 3.8733201891442532 3.9172570607926076 3.8506040059293105 3.681669622816145 3.3830604208024035 2.9988718164719503 2.529020068513001 2.008098630885496 1.4690615551437853 
0.675 0.0067513900605602195 0.036467317276156486 0.1099871209150177 0.24362326396738138 0.4472380888592876 0.722169312542916 1.057457397537097 1.435623485884991 1.8409920327563913 2.2508521342957306 2.644654952592801 2.9806938459945886 3.2595357191637566 3.4547999521847483 3.557066311769951 3.5449494775293173 3.432800769701046 3.227533911847389 2.9149888976501703 2.541171119214156 2.107377374277514 1.6496075548718803 1.1957577549522218 0.7782842732185916 
0.6849999999999999 0.014792280697509264 0.06835017940686923 0.18524005830722629 0.37877731803520687 0.6504201229945517 0.9874464210823223 1.3682592536000384 1.7718847515151495 2.1724504036034595 2.5455619753598135 2.8528824813639804 3.094470158837396 3.2456871249494026 3.300696155297908 3.2466442876021557 3.102003292510115 2.8736128699812853 2.557748627333652 2.19945875126747 1.8003683747800943 1.3956834840228958 1.0075801981082444 0.661075170187294 0.3771966545708568 
0.695 0.0321193463431832 0.12554466276080006 0.3045312316538618 0.5721561347203262 0.9136565050102342 1.3022722630049184 1.7105473965746312 2.108600204138086 2.4685723750321364 2.754674342903569 2.9663564925501955 3.0816323134037886 3.098774538365389 3.012177998621657 2.843115333596552 2.599260505050147 2.2848930823821503 1.9425566974258446 1.573853390158364 1.212119464678655 0.8742223813478066 0.5793243793153715 0.34132037977318236 0.16821773110458393 
0.7050000000000001 0.06838367174965589 0.22469165371688718 0.48572058653814937 0.8342877754110412 1.2368454041617725 1.657470093081955 2.060773139418228 2.4152669100798674 2.686898445452588 2.8746780243039205 2.9600678308132915 2.945723888542181 2.832354997927143 2.643396313493044 2.387977549970463 2.0764528518181424 1.7481625766631488 1.4046667463003986 1.0769526485188072 0.777325787938355 0.520484490708209 0.3153277097085657 0.1656902511733012 0.06959191300617362 
0.715 0.14107094029076253 0.3886423611763968 0.7460354610810346 1.1698143222279929 1.612269011788611 2.029956519695372 2.3870056185633386 2.6503746774438905 2.8190301033983576 2.8786862191596088 2.8366825800737594 2.6995178185318816 2.4926017526591018 2.2269665573887294 1.9175828391222935 1.6003786165353469 1.2769733052927306 0.975813337133306 0.7053965913099637 0.47701148505981766 0.2959812747102536 0.16348062447523753 0.07625965748899446 0.026961642521596343 
0.725 0.27838141742620515 0.6435872645274504 1.097241163202605 1.5736444392718776 2.016992089520381 2.385486312979484 2.6465153989952817 2.799687204253413 2.8359561274202942 2.7678780113106405 2.607628961941432 2.3827173770586243 2.106427952625677 1.797266387143314 1.487785464372483 1.1797738268002798 0.8990604180199989 0.6509738433159017 0.44413661643977476 0.28121452910879186 0.16159984879885667 0.08133241026269762 0.03354864637504429 0.009889009610649768 
0.7349999999999999 0.5187818236278927 1.0123868375177123 1.5390227371486938 2.02280640281842 2.413257711978347 2.6778626562283505 2.8180497326013754 2.831437586945317 2.7367477808000187 2.552132655759951 2.3075562597402137 2.018851784574749 1.7072434666203655 1.402034349006473 1.1052418749257287 0.8400195266490936 0.6090158424574327 0.41868519072530896 0.269620357736019 0.15994406815264847 0.08524617661699431 0.039072198440549044 0.01421293703508901 0.003458480962770065 
0.7450000000000001 0.9033172099830913 1.5035828481949387 2.0485359063920416 2.4743069649727767 2.7486927761290896 2.877083001392851 2.8660080317759524 2.741935122768946 2.529720540112284 2.2623264819535693 1.9583824482152659 1.6411644937701586 1.3368355163016112 1.0476144445447977 0.793882685454006 0.5759519812869693 0.39841952911137835 0.2601689218031342 0.1583528581124241 0.08822989576838745 0.043642894216525036 0.018225327585967392 0.0057997690110886575 0.0011366751696313335 
0.755 1.4577137419767052 2.095486623662123 2.5748892384388795 2.8658463045180547 2.981848087478013 2.9420632535846 2.78320900720739 2.5380378001047434 2.243190365918309 1.920253778997431 1.5939178945414898 1.287220904773535 1.0024367111954025 0.7570020148337008 0.5491045393032797 0.38165419714010285 0.25204278014084047 0.15662647186240825 0.0903785033771619 0.0473444951958852 0.021780777801232686 0.00823306596030712 0.0022336501024495733 0.0003464595523146319 
0.7649999999999999 2.1646358233853618 2.724904577490952 3.040024460646457 3.1402276663268136 3.063713742236668 2.861296697073046 2.57530614747441 2.2467877171705095 1.9002568203747936 1.5610679367493068 1.248983554149328 0.966028631854641 0.7264199260020445 0.5263222737647548 0.3670204188237449 0.24453566216161168 0.15452724098350326 0.0916924973250233 0.050211138658503435 0.02480042900331837 0.01055466061684095 0.0035189163633022637 0.0007981270338713875 0.00010967208349064311 
0.7749999999999999 2.940539820383853 3.288001507243961 3.3639663912847304 3.236935692860131 2.977544188734103 2.6397841924802936 2.2696605429781296 1.8941870684765427 1.5383456269694193 1.2182236840656537 0.9350882866186809 0.699542287719158 0.5057386414184474 0.3533177235658439 0.2369917947159768 0.15178129074879948 0.09210324999509358 0.052228784361034626 0.027226004534049338 0.012616854829185925 0.004851595153794203 0.0013955157813537802 0.0002833668460435271 4.838041260096099e-5 
0.785 3.6367616744451152 3.670163210599378 3.4695146573944644 3.1332070766369604 2.7289165764299232 2.3074858411265224 1.897212639308838 1.5211475874569838 1.1909574177458986 0.9063851976819403 0.6739071992107895 0.48561162306742445 0.33941837356606946 0.22876544631518064 0.1480777058715803 0.0914900236752341 0.053348318983357415 0.029003695467993192 0.0143162285075475 0.006101079700742643 0.0020705597337340384 0.0005304271248484857 0.00011231021335034869 1.6788580027050914e-5 
0.795 4.08333351131447 3.770343702534566 3.3279782656369257 2.8379322727586387 2.3539984348598186 1.9031138735195228 1.504023524090367 1.1627750896448625 0.8765265775326051 0.6470286915153147 0.4642264846592801 0.32421689548489796 0.21920669754011388 0.1430767345501798 0.08969518561062514 0.05349198752221274 0.030065342408467984 0.015559848128840741 0.007149419264378207 0.0027328696387847635 0.0008250039357070998 0.00020976442284045133 2.3621544406951522e-5 3.1031452797994352e-6 
0.8049999999999999 4.146997656337287 3.5570272046615816 2.9575562572557326 2.399499460027844 1.9033928906022486 1.4801815729199927 1.1285772825554643 0.8418168784718766 0.6163269267577842 0.4398649472103028 0.30662558980741267 0.20767890424118088 0.13643835766885604 0.08654440256288046 0.052554929245468736 0.030319844975352367 0.01625708889094633 0.007903008909611754 0.0033056626574957775 0.0011347273397211213 0.0003417010334345709 4.2199561302823374e-5 6.673598503328937e-6 2.8392655785497434e-5 
0.815 3.8053677148679634 3.070500941485702 2.4289781850452776 1.8863885267128924 1.4411472953377298 1.0824852110642142 0.7982665495279203 0.5791754461968681 0.4108642989811866 0.2856354574445095 0.19360808758229353 0.1278488602806417 0.08186323540820216 0.05043552415623792 0.029699711722765056 0.01636143980625563 0.008315138435083073 0.0037262016269658943 0.0013987169590775478 0.0004571085817440916 4.677060012267531e-5 -1.0589576952997615e-5 5.797259337581018e-5 4.255589556717565e-5 
0.8250000000000001 3.146848864612168 2.4203202859764623 1.8368361385902878 1.3768865850446916 1.018120786238356 0.7418725237596836 0.5331345391008275 0.37578742697710915 0.2604307354020433 0.1765552550679279 0.1170716405171236 0.07552193011548629 0.04705951662406691 0.028146378846228205 0.015820146264152075 0.00832645923072809 0.003922512415102143 0.001558115217466325 0.0005292189151471886 4.4063324266922776e-5 -1.2041213965502395e-5 9.77979181073993e-5 9.226538542871088e-5 3.3254368534720025e-5 
0.835 2.344112181385627 1.7368514831844768 1.2769546704781853 0.9295490956848517 0.6693123637631857 0.47643986961508145 0.33375206781905253 0.23060246096201698 0.156347854824734 0.10403113992399232 0.06748844633341008 0.042408356270838075 0.02564197328863817 0.014627716555762208 0.007919694734732355 0.003838360845364111 0.001537081176248168 0.0004907640347941514 -6.106300269419218e-6 -8.991848546476e-6 0.0001530602081878732 0.0001487536338972903 8.98575499596807e-5 4.945847326444375e-5 
0.845 1.5699119209939925 1.133365933772869 0.8131739453826857 0.5791726938988763 0.4087686346854805 0.2848775780585373 0.1963975142737631 0.13322006419925733 0.08890217615205907 0.057894457314264104 0.03658554154518361 0.022281973941315612 0.012866573424573282 0.007117734861352299 0.003448657964999491 0.0013251253962612806 0.00038666166060413384 -5.639287296334283e-6 9.413223502402132e-5 0.0002806190569099726 0.00025733373634883455 0.0001832235556954373 0.00013892188101601727 5.834181203631661e-5 
0.8549999999999999 0.9454845264522154 0.6705468565339111 0.4735523865542493 0.33211357191038077 0.2307541729155019 0.15897902444156614 0.10796339345905052 0.07220304042904356 0.04708985754200562 0.029838340350893996 0.0182491514585294 0.010627313388779846 0.005892271813793355 0.0026894807661932956 0.0009130733736301307 0.0002593639810501841 8.044194829831541e-5 0.000300979609297973 0.00048109707558507617 0.00041515775230423907 0.00029698504836438155 0.00020966249228981937 0.00010793953708430198 3.922305681879068e-5 
0.8650000000000001 0.5110614775489047 0.3593859930833441 0.2513906288106962 0.1747050914464641 0.12052828324739868 0.08198420113408653 0.05487327770306123 0.03575452658419222 0.02267230655463165 0.013867683441209575 0.00800816685086552 0.0042011839506321015 0.001579193616723729 0.00041987472969473756 0.00022216365799521132 0.0003149006295095555 0.0006324234533565572 0.0007408061555516307 0.000590813530377491 0.00041772011853697527 0.0003130237176978204 0.00022673524351663615 0.00017639482568394815 8.704288717818753e-5 
0.875 0.24812283043688454 0.17399912182734623 0.12144185539367301 0.08404786675624827 0.05722684071923433 0.03822771489119933 0.024783997889910515 0.015616604313066973 0.009319487759877274 0.004973783406413395 0.0021180803885832017 0.0005099450677706688 0.0003776808587447472 0.0007418588796129829 0.0010461355899185794 0.0012928077999859768 0.0011629068414964645 0.0008599274196908861 0.0006522088198750511 0.000571832559203081 0.00046791393035188616 0.0003326542780212813 0.00017037700106199705 4.6557915548209317e-5 
0.8849999999999999 0.1079611994147072 0.07593601964329175 0.05265116935560985 0.03568721853329784 0.02354832267988554 0.014883921015799864 0.008891208335369376 0.004644188584688146 0.001957800376319865 0.000857707763161214 0.0010367910783273728 0.0019228136504022535 0.0023536741291431233 0.0023698764615582603 0.002167412120439218 0.0016851948944482907 0.0012962679147245429 0.0010738376637195977 0.0008742785513365242 0.000570543066055057 0.00031580127649293716 0.00014359247084566595 5.807077650098191e-5 3.354819123196906e-5 
0.8949999999999999 0.04175087831234632 0.02852263689169241 0.018720437661149746 0.011711193551774728 0.00689982920906748 0.0040530149982156895 0.0027864950285542587 0.002990218930699678 0.0039484867636474606 0.00474053337073347 0.004907202304929017 0.004257112744565205 0.0034740613022523487 0.002711433236497144 0.0020056371653833643 0.0015577402652676084 0.0011831435345899428 0.0007999361696177203 0.0004567199673545519 0.00029978335997424277 0.0001867963666137354 0.00010303540228847469 5.703802498542576e-5 1.6651268736414537e-5 
0.905 0.014445845635690764 0.010343071418138488 0.00829978489487709 0.0076824362416907975 0.007879903129205213 0.008167601262778655 0.008233761760819162 0.007668083820711914 0.0065731664542371514 0.005209451426589715 0.0037251099791342154 0.0026807827473513107 0.0019287757478834208 0.0013835341801484487 0.001005395223313034 0.0006319132179674614 0.00036062179990864127 0.00022126721213313813 0.0001803465426215671 7.15962623062949e-5 2.3059451423161625e-5 2.22497436063937e-5 1.2894663611526247e-5 2.7044024963202018e-5 
0.915 0.005780807923924224 0.0062702134651980304 0.006126044468855317 0.00544527264756821 0.004412390787108286 0.0033283979486732227 0.002159920020946204 0.001164565782736833 0.00043362984845835874 6.526585837138971e-6 -3.5206377193338495e-6 1.1132329497468008e-6 -2.442510773541587e-6 -1.3769514153015583e-6 -2.367575306291836e-6 5.248885244432677e-5 8.669832443682773e-5 6.858262783680444e-5 4.9422978800651995e-6 3.223180121171565e-5 1.5773282488647233e-5 -1.546108590391726e-5 2.9655104311770986e-5 2.9885542094862383e-5 
0.9249999999999999 0.0009544501509859034 0.0002473447546039089 -7.79207545925989e-7 -1.7277673474216937e-6 5.953619670534885e-5 -2.316954594329401e-6 1.6953974749729823e-5 3.7074643572526655e-5 1.8755669860519991e-6 8.515186002925473e-6 -3.679825953586263e-6 8.869059891884745e-7 -1.929184287232516e-6 -2.1371005931927756e-6 -1.1514573313928245e-6 -4.286535435892719e-6 -4.133774405418178e-6 1.3098261846065246e-5 3.922681772738912e-5 -8.090052331516384e-6 9.87830323373462e-6 5.291664149885411e-5 1.9547279882931035e-5 1.4878788425973233e-5 
0.9349999999999999 0.0005805664229311096 0.0006845924137371994 0.0004771463579194765 0.0002116989684029097 5.757552730932536e-6 -3.655086718229797e-6 4.732057500185516e-7 -4.729285138765221e-6 4.7645132544588825e-6 1.9551043822525066e-6 1.2578025145298238e-6 -1.8986188672891896e-6 -3.251910189912277e-7 -2.5043142028863263e-6 -1.8550792701445273e-6 -3.70293913960415e-6 -4.5842244484825545e-6 -4.050316226768963e-6 3.984771459672465e-6 4.225787678269893e-5 3.1684920927775584e-5 1.7915532264309308e-6 2.7964725635501453e-5 2.9342501580223446e-5 
0.9450000000000001 1.9552996878449518e-5 -8.195572277899452e-7 2.4635004989680825e-5 3.6879376676861655e-6 4.725565581203961e-6 -1.7925380083917697e-6 -1.3568550286807701e-6 -1.3687765598041635e-6 1.6183382876410607e-6 3.240756520214369e-6 -1.4571481508386663e-7 -3.5245997873772916e-7 -1.3833422596656875e-6 -1.7202616408619475e-6 -2.4259712105498266e-6 -3.6908999453098834e-6 -4.090679317936968e-6 -5.32661595916209e-6 -3.88324422912617e-6 -1.0104174792170684e-5 -1.7476911062450085e-6 3.123747757856343e-5 3.976801429272925e-5 3.167310640393717e-5 
0.955 4.844026984846157e-6 -1.966155735119192e-6 -9.26399956703225e-7 3.216948280307906e-6 2.416961537984527e-6 -7.451640181635466e-8 -1.7954959171360974e-6 -6.358863050698327e-7 1.178402383788732e-6 2.247921854388324e-6 3.804201800794438e-7 -4.900009406474254e-7 -1.157109618928412e-6 -1.7544153613387181e-6 -2.6713899906397054e-6 -3.488021477118103e-6 -4.414234320258836e-6 -5.039498916607765e-6 -3.907508731339215e-6 1.2436813429106408e-5 3.351134632428865e-5 2.8735640941052187e-5 3.324348086079787e-5 3.2129634438410326e-5 
0.965 2.197853902043481e-6 -7.593485293029903e-7 -2.2333228070700595e-7 2.170850171216536e-6 2.358048091944537e-6 -2.9538570383083607e-7 -1.0802955141987064e-6 -7.369567114109271e-7 1.1230672114503903e-6 1.5119839169314836e-6 6.421775336756114e-7 -5.146881140467158e-7 -9.181602483084722e-7 -1.960623297828784e-6 -2.535754244255284e-6 -3.8397366194584115e-6 -4.05199712472451e-6 -5.6188700622850085e-6 -3.0820764437139436e-6 1.0269437353098432e-5 1.9165359609052413e-5 2.673677865321078e-5 3.1031990956054134e-5 2.907619719091925e-5 
0.9749999999999999 7.098930003297116e-7 2.000631260700228e-7 -2.3169758091301507e-7 2.105609071692896e-6 1.5612023449192158e-6 1.421445391946996e-7 -1.1047416511537206e-6 -3.7890599282296156e-7 6.710982486304168e-7 1.3221765869219498e-6 4.925149984028043e-7 -2.18750129815648e-7 -9.969408686603953e-7 -1.7951385037316692e-6 -2.8386391836068836e-6 -3.6544583672561137e-6 -4.391775523197167e-6 -5.322985267147695e-6 -3.6062227948621683e-6 2.1809230274158486e-6 -1.1652649557075678e-7 6.57578459462016e-6 2.815287392862742e-5 3.062921003077479e-5 
0.9850000000000001 4.7543492636727136e-7 9.680791979681247e-8 4.0428786987015825e-7 1.53213559556456e-6 1.513069410648965e-6 -6.37463365513874e-8 -7.242809168823278e-7 -4.91691959283308e-7 6.128804020278517e-7 9.513390136425826e-7 5.612158263286482e-7 -1.4720712821457427e-7 -8.402277126666469e-7 -1.856243218856246e-6 -2.9172201577130907e-6 -3.664924486113108e-6 -4.6551821991820674e-6 -4.989020049341042e-6 -4.48625340973563e-6 -1.0200060294486557e-5 8.98641198086858e-7 6.786749153289695e-6 1.303892139224716e-5 3.088659855307596e-5 
0.995 1.1212354530075463e-7 2.9613084499748726e-7 5.041689012455497e-7 1.5364194801397585e-6 1.1226722881636092e-6 5.8705625083366186e-8 -7.532132768623551e-7 -3.610948324204999e-7 3.530295269657535e-7 8.479338397225644e-7 4.661049529414846e-7 6.14637877920099e-8 -7.893324468870311e-7 -1.7825773987109605e-6 -3.1223806855155967e-6 -3.680918345995432e-6 -4.681723709057395e-6 -5.273804145472516e-6 -4.424192948451755e-6 -2.9550726502944324e-6 -5.3260465027876736e-6 1.4871712823022465e-5 4.766932609617802e-5 4.3450325453581184e-5 
