grid rho1 rho2 rho3 rho4 rho5 rho6 rho7 rho8 rho9 rho10 rho11 rho12 rho13 rho14 rho15 rho16 rho17 rho18 rho19 rho20 rho21 rho22 rho23 rho24 
0.005 1.7865456890774067e-6 1.1268657661763631e-5 0.00010750445886284835 0.0007826054785476343 0.003007372498817825 0.006086327143882755 0.006240921197675584 0.0032419724096222763 0.0006383370306573162 0.00041524192556951535 2.9479269982989748e-6 -4.269712824923541e-6 0.00031205520499958967 -1.2314628557120663e-6 0.00011622538476773348 -4.198212015223482e-7 5.6717591378715494e-5 -3.5666286417324056e-8 2.854811127496167e-5 1.1921101895342665e-7 1.4899274507174879e-5 1.406422486067635e-7 4.7764001261108024e-6 4.2278704287523894e-7 
0.015000000000000001 2.5040045588224646e-6 3.2628057955105816e-5 0.0003477813686039548 0.001832275070430718 0.005045305438052677 0.006837702525488119 0.004644288710019609 0.001284663350719674 0.0005679166994763691 3.0997488848719806e-6 -4.565783146524838e-6 0.0003530371812446569 -1.196176579445693e-6 0.0001308150187849565 -3.72169291717149e-7 6.565799417944862e-5 1.9216175547488723e-8 3.480824152327913e-5 1.883546937452192e-7 1.891049809026003e-5 2.154074500259999e-7 8.21544329803912e-6 2.561848183352429e-7 5.204276419534803e-7 
0.025 5.636917151108367e-6 0.00012601501504887203 0.0009432037169362396 0.0036691451832064972 0.006734861536967368 0.006052787875679162 0.0022990994146970117 0.0008460591428934103 3.57384807121372e-6 -5.231019095663925e-6 0.0003992883646424883 -1.1922340927656913e-6 0.0001478541508784497 -3.1608608666664623e-7 7.559599868008429e-5 9.837634604506484e-8 4.182190873986899e-5 2.556545422734667e-7 2.3439391907010415e-5 2.6635790782193747e-7 1.1149970592335464e-5 3.2251817521982903e-7 3.183334817855e-6 4.073283198582911e-7 
0.035 3.394527430585631e-5 0.00038892151258225136 0.002276924520074053 0.005886431210723464 0.007140137771090814 0.0036979511634656 0.001338258274263468 5.198157796131725e-6 -6.187656825806798e-6 0.0004519188459144478 -1.2372893426395443e-6 0.00016714981046306397 -2.922644794581264e-7 8.71792740660929e-5 1.8202298528039243e-7 4.939511449782727e-5 3.475665067602732e-7 2.865731217253204e-5 3.137450452217472e-7 1.4928871970587305e-5 3.2541564324380275e-7 4.806338280860132e-6 4.4688829046795817e-7 2.506500875777695e-7 
0.045 0.00011248534069361812 0.0011480061176454004 0.004460383109793596 0.007563633628544439 0.005357203866736531 0.0021868620805035825 4.953806014011859e-5 -5.815302795125071e-6 0.0005082988310782825 -1.2892625722007653e-6 0.0001879546902872043 -3.0677350481948806e-7 0.00010074547223544146 2.3870510277614054e-7 5.784501880289929e-5 4.522898841259962e-7 3.404734094415718e-5 3.9003029598887705e-7 1.9588840200780982e-5 3.282742129073323e-7 7.880460616100315e-6 3.5851334681199793e-7 3.6150251101515866e-7 3.3093635141284716e-7 
0.055 0.0004238119870079299 0.0028048550115272047 0.007088802005288282 0.006987669182898469 0.003537967694611753 0.00018810612290600347 -6.172874579763246e-6 0.0005777086080681858 -1.0908301767724102e-6 0.00020949733791251427 -3.3584819686578726e-7 0.00011628369536830895 2.6271594870267215e-7 6.786724665321618e-5 5.156091106102347e-7 3.9362098024395926e-5 5.029200520715194e-7 2.4405365712544796e-5 3.659460374701509e-7 1.2572738352964572e-5 3.523337268289536e-7 2.6561635185437266e-7 1.060782662390728e-6 6.503340391813411e-7 
0.065 0.0013329191750417052 0.005700562754874447 0.008167334601427018 0.005470677076423614 0.0005398826089470041 -6.473342101590007e-6 0.0006644483614769419 -7.839949383485825e-7 0.00023695886942437473 -2.980524994020996e-7 0.00013393275522240004 2.719720851741131e-7 7.983532064300206e-5 5.508529125734535e-7 4.5874805984231614e-5 5.514104994738247e-7 2.7651568076844093e-5 4.980711853776144e-7 1.8660271142138135e-5 3.5808304405405417e-7 6.533720957822007e-6 1.1843589892119406e-5 8.05505310002083e-6 7.542657612207015e-7 
0.075 0.003659406296788875 0.008447217418442593 0.007916386857384234 0.0013248750005318477 -6.585909728120884e-6 0.000786833775166351 -2.942913715888243e-7 0.0002736149755113836 -2.2935286095445914e-7 0.0001565546562638711 2.9151206919295763e-7 9.423088448103003e-5 5.837919223695498e-7 5.395044772719981e-5 5.646429640499386e-7 3.19594437957267e-5 5.089711108493709e-7 2.026682662881001e-5 5.516042714023947e-7 2.0172872801878564e-5 1.8290990089279676e-5 7.471124326921557e-6 5.528322770491899e-7 2.486156414419072e-7 
0.085 0.007481138414132046 0.010666398103778042 0.0029211071915410383 -6.3509919732539916e-6 0.0009824726703298306 4.852450596610873e-7 0.00032708226580893695 -1.7808809209761932e-7 0.00018818328228242852 3.0627033772870436e-7 0.00011350138663655704 6.345884910244739e-7 6.385887703566363e-5 5.764708287196154e-7 3.737944669153281e-5 4.663103892760679e-7 2.3766111346293584e-5 4.984177142230008e-7 1.6770519188013074e-5 4.860500545386746e-7 3.450816238662058e-8 3.795246709446614e-7 3.638295899882675e-7 2.615918954541885e-7 
0.095 0.013722892714694655 0.006078481371779489 -6.539469669161052e-6 0.0013325269201674582 1.6172472835636158e-6 0.0004171183448164575 -2.681501584797172e-7 0.00023568176316101993 2.305988229008146e-7 0.0001417217423435718 7.063204850467071e-7 7.754150196651104e-5 6.037842206611956e-7 4.3712057910853776e-5 3.895861823170543e-7 2.8449412099741543e-5 4.1686136237231546e-7 1.9081767146359996e-5 4.396004090698405e-7 6.91190680636012e-6 5.757755428625964e-7 4.2592053042392406e-8 5.92573203322315e-7 -1.0099413657801981e-7 
0.105 0.013735605200129768 -1.8419814381892205e-5 0.0020699976114838814 3.2665288778781568e-6 0.0005935326311215189 -9.124385588884718e-7 0.0003157400089697617 -1.1083683554020517e-7 0.00018636755950067845 7.560168008483958e-7 9.847172215523919e-5 6.60485099056997e-7 5.190573095587387e-5 2.808627627234097e-7 3.410772795059777e-5 2.793343871693773e-7 2.313449972507221e-5 3.970818625532248e-7 1.1615327759225739e-5 5.672003808662339e-7 2.609664550492699e-6 6.557560233415457e-7 -5.770291235694463e-8 4.311963611690339e-7 
0.11499999999999999 0.06243852554588111 0.011182641127014835 -2.240183543246281e-6 0.0009741956540867687 -2.187432683448923e-6 0.00048246909107727736 -1.316561620986166e-6 0.0002630343744306884 6.943828643684951e-7 0.00013456470728378993 7.728012148458107e-7 6.322926170515272e-5 1.1477220697201046e-7 4.153254540262185e-5 9.596999421150392e-8 2.8777201890069752e-5 2.7042263483015045e-7 1.6544458842316972e-5 4.974779970211068e-7 6.264772535113523e-6 6.67520193857647e-7 4.162942420717384e-7 5.730738075149732e-7 -2.9237602634096804e-7 
0.125 0.18341250931692704 0.07403003646417636 0.0168853035481933 0.0015700502112592392 0.0010946214970394743 -3.9358315519146155e-6 0.0004212017443739534 -6.121987182602581e-8 0.00020259382302448064 1.0634626240496776e-6 8.103276179672339e-5 -1.8395133879675618e-7 5.186947072231756e-5 -1.8994674182333266e-7 3.65495911433067e-5 6.883888482167458e-8 2.2894848678767834e-5 3.8451942989815684e-7 1.0683931177484749e-5 6.04894535062041e-7 2.1561763073428683e-6 6.821565008582843e-7 -2.578408083833613e-7 4.5811003220042057e-7 
0.135 0.4337502504015938 0.20779790297120182 0.08740723562489956 0.02332241930080646 0.003379573971944096 0.0014385129159916058 -3.797091483251358e-6 0.0003419612026578291 1.9831259680854613e-6 0.0001116849576128585 -7.71036890953071e-7 6.871931588191011e-5 -6.806014234210208e-7 4.72813482784435e-5 -2.342124417992848e-7 3.1601943521408706e-5 1.998245477993852e-7 1.65304536075105e-5 5.154806672036079e-7 5.15919484322304e-6 6.53886055081176e-7 -1.9561069829012226e-7 4.993973488676183e-7 -3.6938741241124284e-7 
0.145 0.9213216595996107 0.48098923083885886 0.23440846951551922 0.1021773456395403 0.030629439593033707 0.005666061847811599 0.001992073105198727 1.5151440638586089e-6 0.0001302228908847344 -1.2377548602704978e-6 0.00010806984452208586 -1.5220713183751455e-6 6.393194276388587e-5 -7.409965138824217e-7 4.337798706251239e-5 -4.482893627708387e-8 2.5232811946581237e-5 3.6399645041260316e-7 9.179626550978256e-6 5.510681704712231e-7 9.309627186065549e-7 5.256415766872026e-7 -3.7689032356710665e-7 4.348970151016318e-7 
0.155 1.7545342867421103 1.0027008712970116 0.531666534066068 0.2633439747043659 0.1183909179673378 0.03892378704379081 0.008548401994132142 0.002884578673776261 0.00045158342286371993 0.00020865612212967507 -2.1146831954152803e-6 0.00011020922442620375 -1.7045743609688836e-6 5.965034031806373e-5 -4.4199007351764137e-7 3.7441104851733344e-5 2.2042734086039246e-7 1.6281761800336072e-5 4.22931923732767e-7 2.8290057129065843e-6 4.833641202843953e-7 -4.015651896847384e-7 3.707173515702603e-7 -3.6356908620846506e-7 
0.165 2.99538463874012 1.8734498936238155 1.0878882165869845 0.5858420283203122 0.29471499513767935 0.13609748617538142 0.0482478061883482 0.012065182293465211 0.0038812945250355467 0.0008456119648069015 0.00031945821987067625 -2.5659869419157252e-6 0.00010960592396277611 -1.4321639731020193e-6 5.215609564407668e-5 6.401977864934488e-8 2.6748232601227608e-5 3.3567024259445986e-7 7.559447538107349e-6 3.3577805388040026e-7 -3.504073333061722e-7 1.9482333003806307e-7 -3.969962973892618e-7 3.5010016444063374e-7 
0.175 4.5839354087373945 3.1363595641995907 1.9942088209165019 1.176682480806677 0.6435531825686609 0.32864216015583575 0.15537171958677418 0.058613502756703434 0.016244406397784808 0.005125716041611038 0.0012995903919401372 0.00047047130144134766 -2.7604057449125835e-6 0.00010189777799004315 -6.571416942720287e-7 3.474796217573916e-5 3.8341722223382557e-7 1.5209883130762065e-5 2.0233382681984768e-7 1.9774386452722434e-6 1.2525239468101808e-7 -5.50203430683743e-7 1.209720431087028e-7 -1.9082295465988608e-7 
0.185 6.285573507633835 4.701087855611252 3.2736464442422877 2.1162026571768426 1.2688352918717456 0.7048086476961125 0.36524507613489327 0.17631310579987572 0.07009130532056036 0.021174908740540562 0.006705498300995294 0.0018536482616328832 0.0006688616386244482 -2.4123238607631076e-6 7.611257543775618e-5 9.910166415792732e-8 9.61277092644897e-6 2.7700243697111396e-7 8.69445743342215e-6 -8.01766903953463e-8 -1.6945341440796624e-7 -2.1291267572240945e-7 1.0097018787367205e-6 3.7477596460250284e-7 
0.19499999999999998 7.706114495072086 6.287613824858443 4.805132882451164 3.406286971145361 2.2387855568236037 1.3640515406171227 0.7695841838000174 0.4046337044946358 0.19902317998879757 0.08273126061236007 0.02690460343183665 0.008682404462741124 0.0025481312293567683 0.0009367092254826967 4.694518383622018e-7 -3.1233230242790413e-6 7.591657773991026e-7 5.411336394831132e-6 5.289577600800857e-8 3.5776779987888897e-6 -5.611808303641885e-7 4.027241654329557e-6 -2.1329436508026392e-7 2.0737095885944856e-7 
0.205 8.241255459253747 7.268836663622086 6.264096108744314 4.895348571475306 3.5333628170851283 2.3612830111085477 1.4619910610137798 0.8378201228339235 0.4469051503933301 0.22360857612417018 0.09658777320880252 0.03347723174053616 0.011110307273280847 0.003415446419865586 0.0013483592644730497 0.00019180699785861354 -1.3146354249779155e-6 3.7525856176785777e-7 -5.879289671534456e-7 -1.4640243761222804e-6 1.2814911045527528e-5 -4.788742056431421e-7 4.781862666459243e-6 6.921667006914989e-7 
0.215 7.660831019870564 6.998827678607922 6.927117153421783 6.219713725640627 4.971360756143901 3.654019465353557 2.483001875710653 1.562271297443132 0.9094194907103719 0.49214021792349516 0.2501791232517577 0.11172070618058068 0.04093461552090775 0.014037235090401477 0.004453225376390866 0.001762528328902663 0.00038059316767018875 1.2783432220327823e-6 -2.4159973482321823e-6 1.916712031467451e-5 -1.0650341251495013e-6 1.2907050774794027e-5 -3.7123107868991534e-7 6.60466598122536e-7 
0.22499999999999998 6.987886042434329 6.249826409323276 6.123275377861838 6.635268816445058 6.1580279352017495 5.033083735815831 3.767485154287889 2.603241257411334 1.6644710427236091 0.9842467773611524 0.5404000420408508 0.2788456597777752 0.12819602504955807 0.049318694917767227 0.01750797543324358 0.005714785491508492 0.002242583855471608 0.0006460318642511481 9.52214566990071e-5 -1.9327603448899763e-6 1.7385438681673422e-5 -7.361115964173159e-7 8.516265780956784e-6 1.2430696308234068e-6 
0.235 6.288114685345793 6.255465336548108 5.034548311839675 5.505072194456892 6.371225444537129 6.081831662783867 5.080665145969053 3.8730847340244554 2.7213037322939178 1.7681351095000943 1.0621274082035483 0.5917228646157343 0.30971766546906554 0.14608592072083817 0.05867305440543876 0.021580352007771968 0.007258161784698793 0.002788620726502846 0.0008951548539322136 0.00019140689255876722 -1.377767595974952e-6 3.086947450220076e-6 -7.193509196298797e-7 1.6072714750705458e-6 
0.245 5.01228576403007 6.453276361653583 5.2624640714192354 4.089904719659345 5.053356413516346 6.124631316196998 5.993430449809097 5.114441273919857 3.970248960148636 2.8365064296838103 1.8727798449294397 1.1428480845089721 0.6461211071619999 0.34290057440906896 0.16546839449229486 0.06904052676470745 0.02629834487046126 0.009127395309418323 0.0034501579005970923 0.001180744404719004 0.0003259894650558745 3.59942279223955e-5 -5.927145819940513e-7 2.2380254054502058e-6 
0.25500000000000006 3.3908249328630182 5.760339016312253 6.161627858291043 4.206414140411852 3.4110886401155502 4.705656289975791 5.8906689421853375 5.8948114830870635 5.134900830670592 4.058519858492667 2.948191650288208 1.9778993329548382 1.226157882352102 0.7035787786787544 0.3784929320180369 0.18642708165172275 0.08046648016712282 0.03170328289616186 0.011372303068371255 0.004265873868287235 0.001508518030258121 0.0004757650214113002 8.749266166101482e-5 3.4218498163674296e-6 
0.265 2.0633533489186 4.216100116486857 6.218355321566305 5.5031305626790665 3.240006368098594 2.9482912012613127 4.42352212006436 5.6670940489292905 5.787734855269304 5.142654413387227 4.137552702926453 3.055736677826002 2.0829721216269093 1.3117701688240346 0.7640493772898816 0.4165834131785278 0.20905032226427256 0.09299974349027251 0.0378329105644986 0.014034844935272017 0.0052671679490166184 0.0018910335326362618 0.000642729983074599 0.000194739819763326 
0.275 1.1282922989615962 2.719092090930797 5.013226460190816 6.303404878819836 4.6180187950839375 2.452129185814958 2.6394348796591793 4.184548572479955 5.452845829714707 5.6737804739291855 5.138407801252541 4.207115073173814 3.1585625595127538 2.187468316958138 1.3993652702239392 0.8274542808649569 0.45724775230248027 0.23342991192420287 0.10669373850975584 0.044723227301516524 0.017155180151950597 0.006490511689707891 0.0023470448363859323 0.0007923744573143116 
0.285 0.5494181907071213 1.5648253113286696 3.4707070091379015 5.660817585015206 6.008388496823254 3.6572809813199796 1.869783066906845 2.4304279385551633 3.9757912892987504 5.247397307033862 5.554372321378392 5.1229381398404215 4.267083429689201 3.256141633659366 2.2908568394078914 1.4885938666818939 0.8936817372140977 0.5005457937743583 0.25965957845184484 0.1216073362015852 0.05240944412480994 0.020770203584105078 0.007972891539506644 0.0028995276148525897 
0.29500000000000004 0.23932861424134003 0.7957975897351567 2.1198609566003697 4.25919167679563 6.049573646059332 5.395735505844075 2.748978672909532 1.4751224673202092 2.282343420545359 3.7895682289095607 5.05045128747167 5.430792113015102 5.097072589474233 4.317437613162039 3.348003686082903 2.3926126441872015 1.5790810536676363 0.9625864665270139 0.5465184701755786 0.2878328295432394 0.1378054489054323 0.0609276201174876 0.024913461253741255 0.009751686631357444 
0.305 0.09287522417695745 0.3593144372849487 1.1349226790838223 2.7872371180127518 4.995632198485546 6.112228064535373 4.574332580407179 1.9779429634077523 1.2276815003606865 2.170455795167028 3.6210891518987687 4.861798597550083 5.304188446391649 5.061669289939337 4.358253676852862 3.433740658819763 2.4922237288525513 1.670430934703893 1.0339899555644292 0.5951851800780358 0.31804043925263403 0.1553587462201298 0.07031617424156193 0.029615603916455624 
0.31500000000000006 0.03202522894235936 0.1433550945403465 0.5349952856835187 1.584293493104049 3.535006564351077 5.57819291486366 5.840071102051765 3.6689030039037775 1.3813416170162591 1.0829433778964188 2.080311423284733 3.4671839806568934 4.681253121399822 5.175584334086441 5.017600581158231 4.389695448206434 3.513009891868207 2.5891977509575512 1.7622317048533354 1.107681421262722 0.6465414980846357 0.35036798242393435 0.1743429437979553 0.0806172728444837 
0.325 0.009790682738101877 0.050295656478317914 0.2211087397018653 0.7858533528458398 2.1516922229490154 4.302065652694702 5.916648425806209 5.2819588783851765 2.791429422709128 0.9571730557067157 1.003173721077564 2.003863246555465 3.325625776471667 4.50862347628316 5.045884384172498 4.965738442127312 4.412005185927718 3.585535928958013 2.683068105718667 1.854061055778992 1.1834194623586525 0.7005571792671309 0.38489325544278163 0.19483778613237648 
0.335 0.0026841122551598748 0.015475467171813511 0.07959213050581929 0.3390775805423636 1.1323674388839717 2.82678567064862 5.003817405387444 5.955806422006106 4.528206535637502 2.0219508665423747 0.6792398177574075 0.9610842756433228 1.9367003158891098 3.1947635726613584 4.343702254326468 4.915882110012256 4.906942082600038 4.425493680381244 3.6511109464916878 2.7733993254054528 1.9454917520746264 1.2609344124471495 0.7571746685846087 0.4216838061485875 
0.345 0.0006994767658882392 0.004251745515523788 0.024809690920441375 0.12630373297118158 0.5142149143874929 1.5913590333362988 3.574129127541365 5.547376470752169 5.689562809096134 3.686155703315629 1.4018728052206846 0.5119766481288418 0.9390948818657578 1.8763581723584832 3.0733166557141773 4.186263644871567 4.786267481817875 4.8420476006676525 4.430530103677248 3.709593907354399 2.859791710944301 2.0360972470614613 1.3399313430763922 0.8163081167277539 
0.35500000000000004 1.578561110038984e-6 0.0009716439244562489 0.00680252534171269 0.04025404289001887 0.19991326038957527 0.7667963856895168 2.1689815460436632 4.331367299610772 5.852512002214929 5.161216413417419 2.8556848916744335 0.9383295473100277 0.4210136507320541 0.9268835116534615 1.8213843881536567 2.9602546653507327 4.03606494133128 4.657634674379664 4.771859587213426 4.427531885063843 3.760908579320251 2.9418851175135785 2.1254571291690145 1.4200935428083623 
0.365 2.2489687066546554e-5 1.3967841041781504e-6 0.0015312135345462233 0.011060038052116729 0.06577999152458502 0.3138248670409735 1.1179290805685989 2.852664873378169 5.015580873381122 5.871553284789048 4.450827692999119 2.1115439620205243 0.6149852215067414 0.37852095335012964 0.9188670254264182 1.770852299554272 2.854724701271958 3.8928496979118896 4.530489901931645 4.697144536424855 4.416954844941973 3.8050405620879246 3.019361841168987 2.2131622572677654 
0.37500000000000006 1.5190255403443181e-5 -1.2638556078168467e-5 1.2369074002885339e-5 0.002461631925491578 0.018270798952848936 0.1076787881755561 0.48575672887314963 1.5846462830030206 3.6047954470235517 5.537920664386089 5.601456621543717 3.6546576893010245 1.4959336386490725 0.4040385219487113 0.36450102333863754 0.9122667098165496 1.7241166021220884 2.7560050806803242 3.756351416106278 4.405259215354884 4.618625898620118 4.399283773729895 3.8420335065565214 3.091948651010955 
0.38499999999999995 1.8480411915176853e-6 7.16636621202367e-5 -9.172865263369634e-7 0.0002000837821056721 0.004166460613338075 0.030644097324801934 0.1754780782950262 0.7370586785086387 2.1726896967913656 4.36164046077078 5.823069022375263 5.084057450336714 2.863691855875103 1.0207179301789968 0.2757371655457521 0.3658308518823303 0.9058364495855783 1.680691972144176 2.6634747627700377 3.626297201901344 4.28229614173593 4.536980603203769 4.375023613261443 3.8719847206539892 
0.395 1.0417165217241342e-6 4.447635955709406e-7 9.676403636255625e-5 -1.6126941094173064e-6 0.0005098283136049583 0.0071087376035131045 0.05184892282142379 0.28291942008320137 1.0901242196020133 2.8683762679328333 5.04012139015732 5.827531954742637 4.3947934013722465 2.1475226231787894 0.6757372969421744 0.2040274518875408 0.37451967503394873 0.8991083291724487 1.6401920614074736 2.576592323096107 3.5024111258312467 4.161889067583061 4.452836878178968 4.344691337206538 
0.40499999999999997 1.2215814769022532e-6 4.802902416230215e-6 2.6472435493696267e-7 7.8416371701584e-5 -1.3406759938328072e-6 0.001062067546944278 0.012296542318904202 0.0878497967553015 0.4485321815289976 1.5632379629131519 3.6323736580107333 5.552410421434461 5.550646562413643 3.6240747804428812 1.5470063405155863 0.43886815587915806 0.16876558262264282 0.3860207855837551 0.891978583213469 1.6022976020853947 2.494880960225453 3.384417173027801 4.044268286388819 4.3667731849410405 
0.41500000000000004 -9.739339829843013e-7 1.515325724057645e-6 -8.26840432493342e-7 2.726452277487801e-7 3.6980028858546454e-5 1.098962584128449e-6 0.0020182800651954123 0.021519327760412873 0.14797344795893846 0.6951079291094542 2.162950852256378 4.398874212128623 5.825000030472387 5.034577205878929 2.8575453521836853 1.0755162908762033 0.28452211338404426 0.1556996499911918 0.39792374093959393 0.8844949572879022 1.566738556094338 2.41791744455525 3.2720417493304543 3.929612649719389 
0.425 3.280826232302664e-6 -2.980351136846679e-6 3.7777646326713626e-6 -4.548208393760633e-6 4.377468673395085e-6 -5.429903699935568e-6 9.960493363783685e-6 0.003687035059383873 0.03793269698421486 0.24613046182743797 1.0471334823351968 2.875447048526044 5.082718888049181 5.816517269313847 4.353418286201895 2.1610621298053587 0.7258878505358776 0.18911653108618487 0.1554054814432448 0.4090619605068058 0.87675458285599 1.533283192171309 2.3453237263464572 3.165015751746156 
0.43500000000000005 -2.8428764591113126e-6 3.342808578814943e-6 -3.241268024594887e-6 3.5918112750114167e-6 -4.840555471426547e-6 7.267310856698059e-6 -2.566441374522721e-6 0.00025427972180063624 0.006917501964578271 0.06694760554814289 0.4016779838246938 1.5253854110783438 3.659881192761162 5.594407598650439 5.528366924942206 3.595238838256899 1.5737020603240206 0.4792559020856564 0.13360246656020336 0.1619774124212411 0.4189535825378097 0.8688588937590644 1.5017307504338178 2.2767603919382826 
0.44499999999999995 1.1426488014890795e-6 -7.89746617841508e-7 9.638507627880016e-7 -6.245437964534639e-7 -1.4151329955948422e-7 3.188701603370342e-6 4.714729291543235e-5 -2.2055420303458695e-6 0.0006486119875940763 0.01295778525555089 0.11739038032733684 0.6392491812990263 2.1386693590356725 4.447385349499815 5.859632211845063 5.0044852921913545 2.8430276598073227 1.1087631151548853 0.31277847228487926 0.10392004058730692 0.1718765446459826 0.42747257125845156 0.8608963451776596 1.4719061116344831 
0.455 6.126384814817559e-7 -4.0015806957068023e-7 7.206944646100111e-7 -5.5961124020322e-7 6.017961727035337e-7 1.9215687855136943e-6 3.6537510903107695e-7 3.6194311361275114e-5 -1.6600246574051403e-6 0.0014143600144793551 0.024277654530040996 0.20298971154164283 0.9864096770713562 2.8741973512185 5.148497106063889 5.837543220250843 4.320212305217016 2.160224282158776 0.7601307865152274 0.20480512497245773 0.09035428621693258 0.18306567638720414 0.434664814255491 0.8529378308021853 
0.46499999999999997 -1.5514359584349602e-6 1.7709900331603842e-6 -1.5419172692560795e-6 1.8681581978857026e-6 -1.5028962368872356e-6 3.697382679928099e-6 -1.5347659338728337e-6 9.423031480972066e-7 1.0736841424404883e-5 2.67417304706391e-7 0.0029387537509347004 0.0453373965450094 0.343756710491991 1.4680660221175952 3.689838274218709 5.669048094800639 5.531653577312568 3.5640643000007333 1.5840988224950348 0.5104876739208094 0.13743538437994202 0.08651589807216276 0.19441945042239978 0.44064980700435646 
0.47500000000000003 2.07077963726085e-6 -2.0115198883950344e-6 2.4825957237444712e-6 -2.453919067989599e-6 3.6387331845549875e-6 -2.490821766855042e-6 5.6094197212544494e-6 -7.176882953251543e-6 8.173506779469292e-6 -9.808208381936745e-6 9.883405149412744e-6 0.0059461718051935855 0.08388300212179636 0.5665353491631006 2.097314382706698 4.512412884486569 5.9310605218937456 4.989398461561628 2.818471693499941 1.1269359033811412 0.3385482858216789 0.09716056254209758 0.08835491887183543 0.20534773837439496 
0.485 -1.3834543214578249e-6 1.517319784963625e-6 -1.2612851128541297e-6 1.7090011726530324e-6 -8.306773587561656e-7 2.4683806938968073e-6 -2.494241244099804e-7 1.5290169095866918e-5 6.441095305991656e-7 3.8799630857179815e-5 6.220584417362951e-7 0.00019092502163550393 0.012123212996318408 0.1528382692993952 0.9032237914054206 2.8641782593489493 5.245295869290713 5.892518797839749 4.290196203964992 2.1453559461296225 0.7823948874648207 0.22394598549356387 0.07443149476868026 0.09337272348853036 
0.49500000000000005 6.488214159081768e-7 -4.934397473087271e-7 6.258599217546547e-7 9.417235238146082e-8 6.11587336394985e-7 1.3610425399993714e-6 5.599017115611241e-6 2.035373402372448e-7 1.5133715069743509e-5 8.963452614689504e-7 6.04068625422588e-5 4.073343563490428e-8 0.0005238468557490408 0.024480894881272676 0.2723900348208761 1.3852322662510517 3.7258291204549305 5.785679649264011 5.559336111146101 3.52594792267044 1.5798975800689348 0.5335564380183243 0.14969327174013616 0.06281159961084504 
0.5050000000000001 1.8324431204190528e-7 1.5724415524114195e-6 3.2209515389049204e-7 3.518085848574874e-7 6.186432782500847e-7 1.0104607522671422e-6 1.3554533892859433e-7 6.84677805618851e-6 4.363292275232078e-7 1.5357981905314566e-5 7.875187162977026e-7 4.848783892413659e-5 -1.1703545216290578e-7 0.001238801465529727 0.048881181486174236 0.47168136223643886 2.0332690182356496 4.6032446091320605 6.047964727704348 4.984880372232375 2.7805596982434 1.1323257686444783 0.35990680060763586 0.10284394699736693 
0.515 5.6560379079959033e-8 1.3245351907290037e-8 2.892479449424605e-7 3.3642293150500796e-7 8.082285007384414e-7 6.720880285247463e-7 4.587545161869981e-6 3.749421426113564e-7 8.663379492761768e-6 5.854226497233744e-7 9.647294898010306e-6 6.728409661458518e-7 2.1185074718533398e-5 7.68261581868962e-7 0.0028169471403055243 0.09603636959130261 0.7884597416768131 2.843571915400106 5.388525685290125 5.986550044632265 4.256529793918205 2.1149918188997634 0.7948341476183517 0.2419689253358161 
0.525 2.184786219126822e-7 -1.3391410079357374e-7 5.182564644361926e-7 2.2182774714329945e-8 1.258634947350415e-6 5.982139583173007e-6 5.61643888081359e-7 5.774566526003683e-6 4.946170128203656e-7 1.1510567928712037e-5 1.0616943504470483e-6 -9.5643297004077e-7 1.7989983098695705e-6 -2.707241099917171e-6 4.13805068084569e-6 0.006378853924809708 0.1845648124962692 1.2644789258240254 3.774528685161592 5.96395358680179 5.610259328544409 3.4734947090343296 1.5615025736913053 0.5499055049383587 
0.5349999999999999 -1.9639963045638142e-7 3.2615089117947124e-7 4.0024183706882654e-8 5.740258060766071e-7 5.756661080171064e-7 5.015692936937571e-7 7.865886766337139e-6 5.770558959708808e-7 9.239300241060174e-6 6.134694878609168e-7 2.6245612885712928e-5 3.174844339711314e-5 2.8524656030780304e-5 4.083481288290683e-5 3.375976268629212e-5 0.00010679292673475282 0.01449495852954793 0.34456698607481784 1.9345553107892755 4.739811295177565 6.229391150848243 4.982431736997066 2.72357448710538 1.1266696422546425 
0.545 2.717685313770313e-7 -1.0662024294320286e-7 4.573833305913759e-7 2.2119996144552394e-7 8.006912150123301e-7 4.097517942693507e-6 5.834431667395973e-7 9.28614967166683e-6 5.717132881043543e-7 1.5929015492516154e-5 2.550554402012614e-7 2.0817324249784372e-5 3.4456906002804447e-5 3.895684354477454e-5 5.416236423675183e-5 4.0463382457254365e-5 0.000231234982026908 0.03264363959257491 0.6203723171005995 2.809427177311396 5.6138517790610045 6.130654858173341 4.2051258248813435 2.0667584370843386 
0.555 -3.129758186556225e-7 4.982549057586452e-7 -1.408007739426339e-7 8.393464390318503e-7 3.6134782310174706e-6 6.711584423315688e-7 4.881851094293982e-6 5.703268010637252e-7 1.3200854039665264e-5 4.324526860308847e-7 1.5757285837323786e-5 2.864912257080632e-9 1.4948687411661318e-5 2.869653917506477e-5 3.7015366487549994e-5 5.097327031829482e-5 4.8452426348139996e-5 0.0003780957529613861 0.07232813253967643 1.0693728079956408 3.856419631647634 6.2521212907019095 5.6795616954590615 3.3918017198141235 
0.565 4.3574265784149246e-7 -2.4523926008153656e-7 6.35903279284835e-7 1.3981209206971774e-6 6.735730663173529e-7 4.345863583091864e-6 5.811681247358536e-7 7.380452541128134e-6 4.780209296917273e-7 1.8705180110378805e-5 9.624815927762598e-6 2.30665391774004e-5 6.27809693771672e-8 4.5442409709293974e-7 2.155584887019238e-7 5.858105836141145e-7 1.347712873071838e-6 3.039958489034489e-5 0.0004744530304104551 0.15627235545390541 1.752873839408933 4.9855796979754885 6.5235183875510945 4.957278337930684 
0.575 -2.728637064127598e-7 4.902996159246442e-7 -1.053643189407108e-7 5.861635090015967e-7 2.4557094267017127e-6 5.779839714421722e-7 6.034059534624765e-6 4.6130143578713284e-7 1.017060315881515e-5 2.548264646604764e-7 1.3794968764210044e-5 2.8949863199495725e-7 1.9910616020968113e-5 8.516730522645927e-7 5.855825040363208e-7 4.943458844748963e-7 2.9895511797334816e-6 -2.9596128500643942e-6 5.277017124942669e-5 0.00038065440349961677 0.3259094166994116 2.716340984667806 6.04955644457544 6.347415280539092 
0.5850000000000001 4.119701427652417e-7 -1.5111621002661998e-7 5.115171107348973e-7 -1.5814494791869269e-7 5.775938798996622e-7 4.784238165507336e-6 4.894894702430928e-7 7.0731312445260756e-6 2.1573462642232675e-7 1.182619147087742e-5 4.343607772614756e-7 1.92263892864911e-5 3.1243068038299196e-7 2.051783654181136e-6 -2.264861304101043e-6 5.54356056566604e-6 -1.9419751496338802e-6 3.520304484224421e-5 -1.6241171056034093e-6 4.8732114955483616e-5 1.0086488487319467e-6 0.6495114084177446 3.9619784054006133 6.86175341536098 
0.595 -1.3695806823713075e-7 4.595568989072688e-7 -1.170969849079509e-7 3.3246893044546855e-7 -1.447805669162151e-7 6.874818901584214e-7 5.215662220030205e-6 1.2739105513200934e-7 1.248610942245826e-5 3.417700488529728e-7 1.333292354874983e-5 5.272746835503772e-7 1.0181681133402884e-6 1.484706046333325e-6 -2.1342822783919487e-6 5.24873717726651e-6 9.042694279045243e-5 -2.391733700739078e-7 -1.655552565724876e-6 -1.4984732674312717e-6 1.0132061128249534e-6 -1.2227994224817129e-8 1.317302836678393 5.510561624202602 
0.605 8.913846528957325e-7 -3.8841992180000664e-7 5.054182149656519e-7 -8.880169959964027e-8 -3.6556538740139394e-7 9.323849803242687e-7 8.673996852235133e-6 2.205158192017384e-5 9.202883454752751e-8 1.4135821380249e-5 9.168061628991343e-7 -5.467735075576248e-7 3.698195626795041e-6 -1.5726935900979306e-6 1.045777622246842e-6 -1.7004841524692962e-7 3.975581698155602e-6 0.0006692883523490571 0.002419513284840553 0.008160202225533923 0.029184761749556122 0.11021183139083442 1.0888301024691849e-8 4.345240270538551 
0.6149999999999999 8.116543936086129e-7 5.901705113994668e-6 -1.939803581706232e-8 1.0317203405247211e-5 1.413493265204393e-5 -1.7316380089278487e-7 4.394148308048797e-7 4.0858183943375675e-7 3.223977954571117e-5 -3.6322415120125864e-7 6.964408728969002e-7 3.175046712306992e-7 2.6977510538960144e-6 0.00012609576061572373 0.0004370782647269435 0.0013356560148494712 0.00421933943011855 0.012080623899858752 0.035546673222481964 0.10585804834352389 0.312683798142915 0.8909872141308975 4.107558046741645 7.643239062138707 
0.6250000000000001 1.421341484959815e-6 -9.32491006001737e-8 1.693218785982155e-5 -3.797769354882798e-7 1.3873020834594216e-7 3.703567454511306e-5 1.0504679809510272e-5 -5.494043836193341e-7 1.1826431428781092e-6 9.661772030287574e-5 0.0001611944563258117 0.00029455335229535383 0.000776442995003711 0.0020160961413616765 0.005410170344883745 0.014558770843595397 0.03830537823849608 0.10190008636423573 0.27160897919109867 0.7223351716948953 1.9317694504669736 5.299650065951433 7.889153442343397 7.5457504656206185 
0.635 1.916654298467213e-6 1.4616069322974075e-5 -3.954072177591184e-7 4.522164822156325e-5 6.278941370904375e-5 -1.4916192828421868e-7 7.633211354842861e-5 0.00019249197932614572 0.00032067995523211166 0.0004616263557489348 0.0009982544024071953 0.0025492164527148964 0.006330554282437133 0.01564537948060278 0.03834646277691974 0.09322683824933051 0.22684624021772942 0.5474561419926013 1.2993487090556748 2.9843459117338083 6.162510443220121 7.809912791385484 6.970042082944017 5.939597831348506 
0.645 3.1609238406414553e-6 -4.4579806182274903e-7 4.2841270147462836e-5 -1.0538168152452072e-6 9.974588779395298e-7 0.00024488483262744085 0.00043204903113065697 0.0006509016748209077 0.0012195519293069159 0.002895137914695541 0.006922484427700605 0.01603547178949421 0.03679460615718013 0.08374935103329254 0.18922731508115312 0.42397653212131736 0.9317086344531798 1.979457896575087 3.9406455781777594 6.696923163504727 7.5127526310300645 6.402967311320938 5.4340153202856865 4.269199495984292 
0.6549999999999999 2.7542593864469944e-6 2.979060396407886e-5 4.4369200644014256e-5 0.00024040513109563648 0.0006012328572666372 0.0008462842943648356 0.0014566167135038593 0.003148344389559217 0.0072115842806788 0.01598929111110908 0.03467254791178383 0.0746051035129801 0.15917028716387283 0.33588788427466765 0.6968781052680912 1.4033698748801238 2.692113833399435 4.731868593234374 6.942661516171671 7.089267685920773 5.876397401665986 4.983944727288847 3.860689056606189 2.7379952911769285 
0.665 0.00013653587129736295 0.00025446182279201864 0.0006173937604862833 0.001087576518150142 0.0016796969303972827 0.0033678445875683907 0.00731043273659057 0.015619222640666609 0.03241318232848576 0.06640452710635285 0.13504794061108258 0.27164141420275123 0.5376925391812911 1.038447061919055 1.929258841303514 3.374379050590874 5.326760235901197 6.958035551485018 6.608930108401519 5.402631334338313 4.579076544994316 3.48716134055942 2.4336238676108923 1.5733763206663853 
0.675 0.0005669122938311579 0.0011774433163872378 0.0019890826830406823 0.0035372400272825613 0.007324933122596186 0.015060099052258483 0.030146621382770036 0.05928286847975301 0.11562079959828925 0.2234200585446373 0.4254032237704003 0.79294824889969 1.4327321209916506 2.4718773152307514 3.9788739561983357 5.723711588170275 6.804877449474539 6.11930336972143 4.982135735692656 4.20963044976632 3.1433603804719983 2.1583053614867715 1.3745156075479261 0.8104616590566321 
0.6849999999999999 0.002166865233934191 0.0038388618173970874 0.007264616346492963 0.014453241449879809 0.027953620575910488 0.05311207065607466 0.09990721066865227 0.1864027818058331 0.34342790795566347 0.6209797597731428 1.094037592703882 1.8582718434663241 2.9960341792249814 4.476289382153448 5.940888682889325 6.5393711685954 5.649536648479072 4.609141929448541 3.867555881039189 2.825846761269543 1.9095235296015307 1.197951879465045 0.6958798556592647 0.37439587119655415 
0.695 0.007407246684714449 0.013807407414260316 0.025937272798316605 0.04772804032966273 0.08705237160735751 0.15750066989837797 0.2819084889245511 0.49646435731941513 0.854951236481672 1.4287493580764188 2.2918096657300544 3.473235992199835 4.854024752146308 6.007118472274075 6.20766381278788 5.214863620115617 4.275327641790059 3.546894764176408 2.5324776092171204 1.6852104712588494 1.041540556438586 0.5960528312155863 0.31596897964233434 0.15501869676908955 
0.7050000000000001 0.02404176745367931 0.04304487666441416 0.07635461356054683 0.13455932310703012 0.23474852605089536 0.40380874323907906 0.6812629969275911 1.1204225382038246 1.7822101537138795 2.711516864361335 3.883723556993483 5.112712944737927 5.9548322325647876 5.844751591028861 4.820863338024912 3.9720492688485183 3.24369585904808 2.2619425753334004 1.4835362922669248 0.9032886090808998 0.5091043050046613 0.26503329774181816 0.12343105649453255 0.0532424493732342 
0.715 0.06730768996147328 0.11600154186159782 0.19794264887052943 0.33334107531902757 0.5519370003623655 0.8940020089759104 1.4079987812902401 2.1389052672106947 3.0992422142745117 4.216590455611971 5.26208217481511 5.815341987278657 5.475266463391649 4.466963214961495 3.6915756528488184 2.9557105706764495 2.0133889440748303 1.3027876067606208 0.7813528792676052 0.43346985354193285 0.22108698297984272 0.09886253281334947 0.039861160567967666 0.01778341552974537 
0.725 0.16874602476062628 0.27879273488316964 0.4536476628661883 0.7242536273230585 1.1287900333199752 1.7069886754176236 2.4843970390091368 3.4416798876130015 4.468643659194897 5.317103023386154 5.616153216265195 5.115147604432066 4.1490807123626965 3.427673800652232 2.682002510802159 1.7861435004430528 1.1413085073919804 0.6740419146760243 0.367826115843857 0.18352674452637457 0.0793249517463593 0.029494648045810378 0.014895252653476451 0.008150006811596944 
0.7349999999999999 0.3776546860689736 0.5946548533448454 0.9170959896862672 1.3783700705252266 2.0065745959408896 2.806533313938322 3.730603568811161 4.642644523981205 5.29489501526178 5.379798101822483 4.773553728692157 3.8614955547748715 3.175790960805607 2.4225464474171887 1.5795251794798415 0.9974815084595196 0.5798133218672221 0.31102328975485966 0.15166781287073275 0.06357686326896637 0.021838688036237165 0.011264925678879448 0.009464790721624115 0.0037852363823576846 
0.7450000000000001 0.7541437553768134 1.1255899434170338 1.6348731754315733 2.2967770378388193 3.096105831922426 3.9624336896462102 4.745418718161557 5.21252180262755 5.1236698890547325 4.454666312738153 3.5981076775850704 2.93299382772879 2.177859644328999 1.3927356924934786 0.869731619397118 0.4972675387970934 0.26204250596278106 0.12481731353291971 0.0508302221993192 0.016277990675281004 0.007829192682896804 0.009235721588934237 0.005990928537285417 0.0014201252147082871 
0.755 1.3441006502358837 1.8905095381845083 2.5691351887386578 3.34702676153898 4.137418384823902 4.786143238738454 5.0856006736995605 4.860435032567815 4.1592306092474995 3.3532341912135104 2.6977682397257365 1.948689252946418 1.2248122088798874 0.7565416196954463 0.42513952126508636 0.21997077698795714 0.1023193058866897 0.040527688804125335 0.012215531244336901 0.005085356537166399 0.007937679149711344 0.007458868267618511 0.0030146479486476557 0.00043669642082648855 
0.7649999999999999 2.1381407555441307 2.817092552905383 3.5561429837014673 4.258663398379186 4.774962217956564 4.927561432885366 4.598721752029164 3.8857959354278 3.122071817921265 2.46974626212571 1.7357671922097848 1.074625627370415 0.6564704408597433 0.3622890447298877 0.18398529880924605 0.0835726856638453 0.03223204472857827 0.009205039336037312 0.0031487811109879964 0.006144305513486065 0.0079130238243727 0.004781519955332839 0.0012090752843615764 0.0001237680544557626 
0.7749999999999999 3.036116070288696 3.7228188629898504 4.3311789448810245 4.721971404670024 4.749371893872938 4.343893108076534 3.6316735381207117 2.9009206161476073 2.2494052812188574 1.5396354245899504 0.9409089698572441 0.5681697370367053 0.3076900745858673 0.15334250633256657 0.06803572700119233 0.025581689681213007 0.0069466116545432825 0.0018973727838400914 0.004353145642594942 0.00740344428722178 0.006259662016670255 0.0024120287667980453 0.0004182706953959059 3.095957420776174e-5 
0.785 3.848406116866915 4.361044975222785 4.636543618136974 4.559568118085554 4.098795870543995 3.3936518546511736 2.6872390035987332 2.037770015192528 1.3605383031759972 0.822302572677202 0.4903959648743114 0.2604196742433648 0.12736994308098337 0.05522551498837805 0.020273045217665757 0.0052405336891660995 0.0011306144321444108 0.0028757900621910297 0.006215705445432318 0.00708509372620101 0.0038791595250817212 0.0010103054269720683 0.0001264072794006886 8.47785929757039e-6 
0.795 4.354741438186675 4.5269350443049685 4.364463382888875 3.8644324419808496 3.1685118718125285 2.479581311448441 1.836139241869808 1.1983741382161321 0.7174054613795439 0.42201686153272117 0.21964702368194663 0.10546008571801495 0.04471557391907588 0.01605168352833198 0.003948388364232933 0.0006705073360895562 0.0018187909430996026 0.004732915694486382 0.007106996091761804 0.005298918001501833 0.001955524235780319 0.000360117214457268 3.700151032801427e-5 3.4159106086263658e-6 
0.8049999999999999 4.400103615088001 4.168446760243662 3.6405368783696925 2.953380196307516 2.277456474635814 1.6458522636031208 1.052695160428993 0.6248250375144233 0.36201242662920863 0.1846231826635447 0.08706544790329919 0.03613263721604812 0.012705946051369457 0.0029698657994049315 0.00039377555195382885 0.0011415996966203032 0.0032988819421683573 0.006407056703940095 0.006331944533364588 0.0031910022516204624 0.0008202071690908974 0.00011622375535600207 1.4939440129424497e-5 4.007675795912602e-6 
0.815 3.974313490929509 3.426053936341549 2.745950419025252 2.081138306346584 1.4681043346069202 0.9227435074959217 0.5432200233275909 0.3094712717072871 0.1546717724873456 0.07169444655077827 0.029153025638246073 0.010061337035899981 0.0022300713374410162 0.0002254411529188042 0.0007410768940088047 0.002129031047317948 0.005235753601611631 0.006739012024893805 0.004518722438721576 0.0015741520451980663 0.0002981499421318527 4.094406996562813e-5 6.9953981341949745e-6 -8.306944622622769e-7 
0.8250000000000001 3.2195277647112124 2.544597293243584 1.8914523179425942 1.3038150305663079 0.8075108033407851 0.4713339331798051 0.26358328466597836 0.12918074654003198 0.05890798837092505 0.023498786201244695 0.007975210374371782 0.0016722183831671504 0.00012249038678470783 0.0005146117846119725 0.0012933065076070095 0.003903204522981169 0.006459511715031958 0.005657408826162565 0.0026180062801228407 0.0006537940907886362 0.00010377309776774327 1.4539234121074135e-5 -9.67096716771032e-7 9.324323637857623e-7 
0.835 2.348404113594746 1.7095597218737237 1.1535489627668432 0.7058099336247443 0.4080180158412638 0.22362982853324304 0.10759563305864592 0.04831640926621751 0.0189333493947905 0.006331807649441034 0.0012530782998690804 6.048079519119405e-5 0.00038690182213433656 0.0007570077059755424 0.0026723625480575518 0.005615142892256061 0.0063417169601008225 0.0038382215837673254 0.0012533663857526578 0.0002430856059392958 3.573095739145549e-5 -8.013452142303923e-7 -9.04990786476656e-7 -2.508358825335788e-7 
0.845 1.536755488853223 1.0174842630035144 0.6163492782954954 0.35224418301340216 0.18897280717812154 0.08941395336428946 0.03957620055487572 0.01525713023004375 0.005038073656864379 0.0009398843905438024 2.5151107729565886e-5 0.00031143941765700983 0.00044048563121526496 0.001695651122759264 0.004447493617812728 0.006418707122697077 0.005019279885406895 0.0021280539812306223 0.0005164967090161635 8.641029921405835e-5 4.366453687596611e-6 -9.80148042329515e-7 3.492430402166069e-7 -2.4390000947713264e-7 
0.8549999999999999 0.8954213358791627 0.5378021953460574 0.303109090853707 0.15904332040976413 0.07418069159768302 0.03238700395429479 0.012303743839713315 0.004020297848641476 0.0007079650815440281 7.664292826390848e-6 0.0002624836927877811 0.0002641128813453235 0.0010103051725047878 0.0032230223481127113 0.005897625672318836 0.005905244342723631 0.0032278259065002257 0.0009897711562920596 0.0001947815299262537 1.968398055446005e-5 -1.309053758013351e-6 -4.765006680028383e-7 -1.3230157777915225e-6 4.837088240366993e-7 
0.8650000000000001 0.46886666534205523 0.25983090523828284 0.1333309433792388 0.06148489423019733 0.026488609146732005 0.009935513595229605 0.0032208774842649394 0.0005400640164319147 2.8956403693661953e-6 0.0002268101461450501 0.00016828002493913044 0.0005759262992843794 0.002148139446920931 0.00493545486646603 0.006288938304960939 0.004402163790464056 0.0017130859441049327 0.0004048300004314345 5.446682305020739e-5 -1.001015615450379e-6 -8.480130714826062e-7 -1.0174104649908478e-6 2.3420247988788917e-6 2.9566919442294837e-8 
0.875 0.22174083139372847 0.11137413134873213 0.05095674268020124 0.021657519808557367 0.00803902581331486 0.002592776022698317 0.000419055017191524 2.824343570606222e-6 0.0001960557916237584 0.0001153797348018605 0.00032212449414458985 0.0013271132772385563 0.0037702679086434356 0.006086702644166921 0.005426222582730067 0.0026826903961196455 0.000776134490089106 0.00013378494866100876 7.418387133230342e-6 -1.0036551992276266e-6 5.605338047887098e-7 1.9187453255582743e-6 -1.6624992810361505e-6 1.4223711269998468e-6 
0.8849999999999999 0.09275203840407656 0.04226533256793696 0.017703744238632517 0.00652180933149709 0.0020977301006500255 0.0003312859369381752 4.276399936595232e-6 0.00016819979572670757 8.491225048350842e-5 0.00018220442470455456 0.0007692344622544159 0.002635281021121181 0.0053651779544625945 0.006069493170689222 0.0038082310335857752 0.001367509469344351 0.00029270817068780333 3.204736626349902e-5 -1.149809611845215e-6 1.7425234504452047e-6 -4.342163231838697e-7 -1.4775523660918305e-6 8.506410026235325e-6 4.0964268500746914e-7 
0.8949999999999999 0.03511643331748321 0.014467224568345642 0.005308944769181253 0.0017068731676172198 0.00027095266923716187 1.0417226045276659e-5 0.00014409679242916203 6.634617602955042e-5 0.00010744577612509937 0.0004260714352774704 0.001691475559439156 0.004310560005757556 0.006177336138506705 0.004910083051523975 0.002206681174787839 0.0005811839053359441 8.87998301868885e-5 -1.2335959487415338e-6 1.7769838604048127e-6 -5.782451292530438e-7 9.762042955073491e-6 1.532486918693135e-5 -3.8560348070842965e-6 4.955013734216085e-6 
0.905 0.011814841821086155 0.0043402419926190285 0.0013976963763547012 0.0002317570593413608 1.9190717594382012e-5 0.00012126139890666215 5.3575077130782814e-5 6.733320385751002e-5 0.0002315903159150895 0.0010032914423091163 0.0031569822589513387 0.005727623204167774 0.005760383826689322 0.0032552824092181576 0.0010579813525170116 0.00020037015327611235 -9.71171849883934e-7 -1.6354230194907948e-6 -6.586977736259408e-7 2.655536967717531e-5 1.1510238860906047e-5 -3.2018327364869564e-6 3.6351249936214525e-5 1.0975629989064262e-6 
0.915 0.0035676318967879563 0.00115274437400021 0.0002089370642221599 2.9695438717248016e-5 9.908993976511654e-5 4.3538262476479e-5 4.460405509569901e-5 0.00012779650190248085 0.0005560341830296647 0.0021078396918445055 0.004837231306936349 0.006156676716130918 0.004385329030528063 0.0017717226486141033 0.0004131274820350604 2.0884220750319593e-5 -1.7355162670699975e-6 -6.216161392916253e-7 4.7092357567017976e-5 6.139651073135133e-6 -2.9951575256006308e-6 6.412688106490969e-5 -1.7360041054421266e-6 3.1066920015265093e-6 
0.9249999999999999 0.0009581006819028241 0.00019865534686626558 4.116817350842579e-5 7.727616368911547e-5 3.480786521367282e-5 3.059718330740077e-5 7.390795212208062e-5 0.00029350149771565845 0.0012839164052579413 0.003716277576521279 0.005996093961214283 0.0053920929442705795 0.0027264459222835907 0.00078453697374423 8.393518203028e-5 2.0057076551699415e-6 -7.246938684996734e-7 7.129958805819278e-5 1.6982920565070808e-6 -2.9244069711404502e-6 8.935529144430375e-5 -1.4482129029845525e-6 1.777300200379861e-5 8.634036934192235e-7 
0.9349999999999999 0.00019796037174684214 5.29389763991462e-5 5.562801903978738e-5 2.6702958022322906e-5 2.1213757575491016e-5 4.526659898610938e-5 0.000152314732339634 0.0007148428883893901 0.0025919849936905694 0.005315372541420983 0.006048899207629008 0.003847002336996013 0.0013751712270445964 0.00022297181125818452 1.6619422363046282e-5 -9.340824249064877e-7 0.00010090816837025028 1.6191695990062926e-6 -2.6722084927634226e-6 0.0001126990028580549 -1.3099352286910504e-6 2.9542594959220368e-5 -8.102510526018444e-7 1.9748198495754543e-6 
0.9450000000000001 6.462651886618084e-5 3.425697996549057e-5 1.8950485488038876e-5 1.4457550970813082e-5 2.8700397139511807e-5 8.123516763705249e-5 0.0003653674607252168 0.0016372626123708177 0.004278059598652323 0.006185095914147155 0.004966754585923952 0.002222623113008835 0.0004906723671578225 5.708297916642846e-5 -1.2277331924541446e-6 0.00013243268806670955 1.583598637335329e-6 -2.691113369082329e-6 0.0001360267330942702 -1.216429370643271e-6 4.1177860756781703e-5 -6.593688573440504e-7 1.0649031481060542e-5 6.067437448298296e-7 
0.955 1.347924423016067e-5 1.1273126385505372e-5 9.23914372941842e-6 1.798777631333362e-5 4.6278052758409044e-5 0.00017310714664001137 0.000933986336204562 0.003114174773664099 0.005752308313282731 0.00585689516954483 0.003302868390231504 0.000952582672455668 0.00014894966432962842 -1.5375390228795222e-6 0.0001639701034177217 1.5491003802631242e-6 -2.8383139341441044e-6 0.00015924769054863688 -1.1712392603956817e-6 5.361095122473434e-5 -5.591345267862147e-7 1.754853185334526e-5 -3.7999773306283957e-7 1.3677144911853484e-6 
0.965 4.048015180262848e-6 4.916858103174229e-6 1.0525976844484586e-5 2.802204896153529e-5 7.766326077232252e-5 0.0004794265265062325 0.002039987173790749 0.004847437871595937 0.006295190615230456 0.004498879152485449 0.0016686448102422487 0.0003292336614164719 -1.4616675840170568e-6 0.0001938762638791034 1.5638750813003893e-6 -3.1298471537145184e-6 0.00018401344665814473 -1.1537314917667296e-6 6.60793720133222e-5 -4.966727712267527e-7 2.486996205496462e-5 -2.7589617522007226e-7 7.399169600695414e-6 4.686906579422917e-7 
0.9749999999999999 1.1928799145081298e-6 5.2770306211563645e-6 1.6794772364579075e-5 3.418384820702905e-5 0.00022039356193052223 0.0011946827858324086 0.0036800536770823997 0.006147465243930804 0.005602394256123012 0.002662351645983923 0.000655068344654515 1.4039955201043675e-5 0.00022594203714075035 1.8418106402864898e-6 -3.6105441102163294e-6 0.00021148099457403598 -1.1683847921280244e-6 7.855444199135562e-5 -4.6769005326505186e-7 3.247773557250432e-5 -1.8649948519116472e-7 1.250724654378553e-5 -1.7879294256055445e-7 1.0818222509652309e-6 
0.9850000000000001 9.921162246774584e-7 8.363064220567179e-6 1.4922494428765837e-5 9.036925368742163e-5 0.0006196872658865288 0.002496925188396129 0.005425592476328983 0.006358955869330794 0.0038800341843590186 0.0012120317357404257 9.050347383543836e-5 0.00027002771922162404 2.384309117199959e-6 -4.0559786836872475e-6 0.00024186685193897106 -1.2133671206671082e-6 9.095270847401127e-5 -4.484282713386467e-7 4.039501918123335e-5 -1.231318687419311e-7 1.748355979990261e-5 -6.752555522116649e-8 6.286137678608843e-6 4.4089777631768634e-7 
0.995 1.832703182529788e-6 5.4648285701362764e-6 3.3210169293751424e-5 0.00028038091214790256 0.0014979443054623405 0.0042924974053575385 0.006551298474823802 0.005159108617907356 0.0020686471123639028 0.0002729850886402062 0.0003273779354902046 2.762732072367907e-6 -4.1803173026887935e-6 0.0002751005698068158 -1.250498076832765e-6 0.00010332834655952909 -4.367594380345202e-7 4.840881235477698e-5 -7.839169376567395e-8 2.2887992740569085e-5 3.287764432447285e-8 1.0718129016284474e-5 4.609004356555951e-8 8.006430283515054e-7 
