grid rho1 rho2 rho3 rho4 rho5 rho6 rho7 rho8 rho9 rho10 rho11 rho12 rho13 rho14 rho15 rho16 rho17 rho18 rho19 rho20 rho21 rho22 rho23 rho24 
0.005 2.182612352974629e-5 0.0008545671405822642 0.0025498383396946453 0.005149662032702005 0.012735707570904432 0.02605550388566761 0.03763057885802466 0.047990944586522165 0.05732218659135241 0.06325693015605495 0.06719627181071058 0.06794599290594087 0.06659796482542417 0.0628017820046631 0.05761984625085991 0.05152519538962012 0.044248113859495126 0.03708374346131915 0.029711625544686163 0.02270916737262818 0.016410116322363583 0.010823850628033371 0.006367078501981482 0.0024831626762755743 
0.015000000000000001 0.0001283152670008723 0.0006126258141426165 0.0037645638513773318 0.01226987229072953 0.022963068130253585 0.03310606351441159 0.04647780535923223 0.05899991133066469 0.06804966881949018 0.07476673083954608 0.07743143130138405 0.07755829455176827 0.07474723523130797 0.07023977793732036 0.06393341428510749 0.05630393917746765 0.04851784286625128 0.04008117404604508 0.03202745394319251 0.02439727155080923 0.01737977756411102 0.011431818873369748 0.006641047824616775 0.0025597342465544237 
0.025 0.0002121458457511648 0.002037470966047045 0.0065586023387145375 0.014166526893681685 0.02785443833329196 0.04674627030281362 0.062292553950488376 0.0747624823360962 0.08454585883384724 0.0896281559640286 0.09179255754397878 0.09017326835566276 0.08613468386972911 0.07953070317808482 0.07157840850567782 0.06286186667570012 0.053181256202280806 0.04388645122691756 0.03468052289436509 0.02614723754016529 0.01862860093715807 0.012100898131005289 0.006976482809645246 0.0026612547895599192 
0.035 0.0005099307016750076 0.0031309574622398906 0.01174988400097091 0.028812184463526028 0.04875940292875785 0.06631132063383148 0.08410489677429228 0.09818083715885896 0.10653697591496147 0.1109614059482242 0.11033085616483795 0.10661622813800736 0.09975817749889021 0.09124333372475735 0.08113409737879035 0.07001947483912374 0.059130629868543554 0.04801161915409004 0.037708173295804975 0.028253361158480858 0.019804070187843387 0.012797949971202205 0.007270097340721093 0.0027240940352446508 
0.045 0.0010656737917231606 0.007107287657677312 0.021195991316853367 0.04203839205586101 0.06826725499802637 0.09577401315186782 0.11543025918335442 0.12823778707909467 0.13560749130329766 0.13654284038253656 0.13357544664798476 0.12641613757378373 0.11682096103311042 0.10490402501446647 0.09205118385538953 0.07893782926184922 0.06542995391431006 0.052889119852435676 0.04101440121414418 0.030361867579259405 0.021225645152041228 0.013523167531785674 0.007608074655798824 0.002822308131766871 
0.055 0.002418900591946477 0.013124385498778073 0.03759831842235794 0.07353026443158678 0.10885742136197812 0.13531824696829559 0.15583199782803356 0.16804476752241665 0.17159989188209973 0.16949388029582493 0.16156068279992658 0.1503782734584366 0.13629829399967996 0.12106225705383411 0.10487937411812684 0.08843123033399919 0.07295754042461691 0.05801862869061272 0.04462818226683464 0.03276401005471892 0.022519367919297123 0.014242352561984195 0.00788348392183058 0.0028727691195939986 
0.065 0.005314419119234167 0.02639391441162486 0.06553491319576965 0.1116626487724674 0.15491796611203906 0.18963480082952708 0.20907840714165044 0.21678102983431471 0.2161111199148392 0.20763024117040774 0.19480459792343532 0.1780049386472884 0.15936851183503686 0.13922962897277222 0.11908802492996887 0.09964143159276895 0.08078963210047321 0.0638376913281672 0.04844750509817031 0.03510866800747747 0.02400567844880047 0.014952099071356695 0.008191699491943982 0.0029544862283459317 
0.075 0.01182027965507754 0.049625691735072905 0.111463803549445 0.1780829260287405 0.2294297393343273 0.2593709612084152 0.27499881614761695 0.2774697438033858 0.26896524064717137 0.2539474392352925 0.233283762785437 0.2100841291764381 0.1850175894976101 0.15997446999840717 0.13521524090625398 0.11144424821099598 0.0898140958629742 0.06986733904414053 0.05252798613414392 0.03768146493891289 0.025318478521322435 0.01562962775414345 0.008413846221429211 0.0029786898387507144 
0.085 0.02589908027779849 0.09360368644656568 0.18456223735973454 0.2639609341546191 0.318348503724258 0.34934781761826034 0.35709674928150936 0.3492497485141597 0.331588363386634 0.30626981954205884 0.27749625347811124 0.246108580245058 0.21442547095406908 0.18283922114489987 0.1528256989011231 0.12498206609316796 0.09918597558891198 0.07659113746183513 0.05679078832167943 0.04017644378159595 0.02677785461205201 0.01625215022994647 0.008644636902598035 0.003027511271552763 
0.095 0.05605820366947629 0.16948633731241414 0.2962387658971623 0.39168363402709955 0.443702926479597 0.4598777660791923 0.45500140864392624 0.4346867350683013 0.4036361838862636 0.3673484337757222 0.3273422569163488 0.28687647057216203 0.2466505671045436 0.2084713794633199 0.17248050897082837 0.1392894542222878 0.10983712906475658 0.08360892750855428 0.06136973136932622 0.042893028573987024 0.028061785132300898 0.01683471327397351 0.008785843087080747 0.003021559445992583 
0.105 0.1182496853238635 0.2988597298006156 0.4595793884970764 0.5533804312178788 0.5918848273618789 0.5949077688306428 0.5712847527599673 0.5325993362538728 0.486181560123862 0.4350065086095136 0.3833110610504891 0.3319089009526019 0.2829141592385497 0.23650599195483307 0.1939331153398366 0.15553152174735946 0.12108757357309 0.09149803855648155 0.06625567178924589 0.04563132057735751 0.029501888115374825 0.017362038717437522 0.00893138305678165 0.003030491575517491 
0.11499999999999999 0.241090940430459 0.5046407047569231 0.687205799286585 0.7686625483345061 0.7816935151433599 0.753275623615395 0.7048098828677419 0.6447138800642155 0.5785713329443236 0.5116446711860989 0.445219552533379 0.38204689741943315 0.3224151998621601 0.26772876109541044 0.2177985607348684 0.17300696762959333 0.13393952837775103 0.10000015384697136 0.07171768855878495 0.04873537507515818 0.0308750405760512 0.017866310679194586 0.008987516430333797 0.0029969662843631895 
0.125 0.46959384899168216 0.8163422101794224 0.988630725462671 1.0267971782788514 0.9980828463660002 0.9368218993261023 0.8565381293270643 0.7692452645755283 0.681357636814063 0.5950744051492238 0.5135512947293462 0.43686662750372596 0.36643837131136525 0.3019158869066967 0.24409780918017865 0.19290378172276168 0.14796045890589116 0.10981337174999997 0.0778548064101308 0.05217863186798913 0.03254988528861025 0.01840227628268354 0.009069491169713673 0.0029714570616956593 
0.135 0.865561993368567 1.254804492031327 1.3672323235349666 1.3399151987026139 1.2539235139269589 1.1417788099933956 1.0240094251736112 0.9067340901146623 0.7934327795405701 0.6872263054930593 0.5880045671126501 0.49724876152852804 0.41435634219368017 0.34001337530375975 0.2735027030738923 0.21486276440005492 0.16421636908968332 0.12087031137762091 0.08509042919234502 0.05636653169587072 0.034461802620135845 0.019036372401644297 0.009119994143369503 0.002923073773697382 
0.145 1.4959987490641717 1.830271918670753 1.8176349644999141 1.690193504076189 1.5307985933931134 1.366846803220259 1.206007211437824 1.054529299106541 0.9146512570274511 0.7858346001228977 0.6690020129755035 0.5627907173118022 0.4674857009535741 0.3819388112114679 0.306331335705048 0.24006094431818503 0.18257110948817057 0.13398137853838382 0.09363965351153018 0.061461783432650505 0.037034002784194775 0.0199099221935832 0.009238854009535613 0.0028886766998637015 
0.155 2.4073227516268894 2.5250260905068744 2.3246456006095038 2.078130521483013 1.8337506700440063 1.604943611740626 1.3983210487192468 1.2117123328851473 1.0432583533484272 0.8921925866890001 0.7560080971336983 0.6343322154896994 0.5253276714812058 0.42875717137902253 0.34327296601484564 0.2685096700082511 0.20411053016192882 0.14929868188527026 0.10406505212126743 0.06788960666891629 0.04037908555364067 0.021180858461674473 0.0094594753224167 0.0028505342250906285 
0.165 3.58497923224564 3.2967388838645175 2.86251553699207 2.4762202088349117 2.140482442778345 1.8511176036070047 1.5973078626857848 1.3745265256086607 1.1782150684599118 1.0037851426406932 0.8492317299667259 0.7113593786139919 0.5891206133357585 0.4804617963371492 0.3849016348001871 0.3013260943205965 0.22900931034296537 0.16770799696676048 0.11672497683682184 0.07596584491874198 0.044910820947837576 0.023080263823064412 0.009872492467102867 0.0028436678381649205 
0.175 4.919903722820665 4.074668534488709 3.3963693051034896 2.872988732048032 2.4484210823252877 2.095064055482147 1.7969080434942213 1.5404390253044469 1.316886677144182 1.1210471606897499 0.9476848915352684 0.7944948181354254 0.6583487656156948 0.538120169086879 0.4318566688219357 0.33885432936999005 0.2583507686254837 0.1895890063243524 0.1323298055866451 0.0861580705087562 0.05085273756411518 0.025835411414319026 0.010633369521316494 0.0029122055891422916 
0.185 6.201161030156883 4.778530370651205 3.883702427814627 3.234507063667046 2.7329099313940173 2.3287353230482895 1.9912936939045838 1.7044651096079788 1.457177770010624 1.2409407581536727 1.0511259715688384 0.8828672311278756 0.7339914725129894 0.6016545449129882 0.48486347583556355 0.3821070409768715 0.2926141425970601 0.21591055745849974 0.15142173414560112 0.09901723125813992 0.058599664623103925 0.02970123496690638 0.011848759758911753 0.003033631038659723 
0.19499999999999998 7.1655595446642835 5.32397678887652 4.279883222432562 3.544067324578621 2.9863068093746525 2.5400705985560252 2.172924832261043 1.8626021121821532 1.595376296685078 1.362844342444724 1.1578130688406232 0.976640864973135 0.8152561802250404 0.6719618636688667 0.5443922736935124 0.4316848033332065 0.33286803525411324 0.24734216115137736 0.17488116649106225 0.11521430652909823 0.06859938093595752 0.03492612642588891 0.013732464329231642 0.0032917146857380786 
0.205 7.580453806193101 5.643211097740072 4.544041240714583 3.770156215371174 3.185531868717896 2.719829254214873 2.3347198125095847 2.0088396853667945 1.7283361750281734 1.4829286384858915 1.266805256598444 1.074255937890152 0.9026320878576944 0.7486493943220697 0.6111491373785973 0.48843047700292697 0.3798652308907722 0.2849839515324481 0.20355017227759592 0.1356043527981042 0.0815244667910768 0.041874815403131205 0.016442054465133638 0.003762740639898232 
0.215 7.343655169330054 5.686263996915468 4.647449300313815 3.9006824518264676 3.3233032371590023 2.856769139019719 2.468836860930485 2.1382921807112503 1.8513257700863408 1.5994656328848853 1.375323517557909 1.1751703581790685 0.9946917622655125 0.8322115193096523 0.6852279986459081 0.5530406973696153 0.43464254432277766 0.3298183711665282 0.23860359012783489 0.16120117067502 0.09826573082374265 0.051098326665251215 0.02021954855718905 0.004534724532720413 
0.22499999999999998 6.517050485801225 5.440977892134426 4.577527812931133 3.9164314857819593 3.3839082013822033 2.943366290011431 2.5686950328529994 2.24465601695419 1.9605150581335056 1.7077620600595482 1.4815936613415763 1.276797497271678 1.0911934545559163 0.9215702917233285 0.7670695411361301 0.6260002784500105 0.49811630763347975 0.3830922263550486 0.2812946523658171 0.19330612713039444 0.11999455533587347 0.0634361231666089 0.025437039378665982 0.005703892918756948 
0.235 5.310668624669448 4.930471756556218 4.340689944751797 3.819863604771439 3.3663147745463995 2.9725077875402484 2.62805992431998 2.3233132856979317 2.0506869471666094 1.805239360929993 1.5817060746955172 1.3777308103674506 1.1896743227595916 1.0165444222957236 0.8560114791035369 0.707838387653238 0.5710920833139299 0.44605381031200525 0.3331547268351666 0.23347299206644517 0.14823152735738732 0.0800966150462247 0.03271809638956957 0.0074118676079398815 
0.245 3.982109949230598 4.225251777988497 3.959287282406739 3.61221811453097 3.2662609876275277 2.941825247317725 2.642941009495992 2.369073636626549 2.118124985422919 1.8867144404496126 1.6731657457669677 1.4741852620141787 1.2889690202256037 1.114916000860721 0.9518817516761399 0.7982702768962745 0.6543645593490844 0.5199074508052333 0.39586402575694724 0.28360107322153993 0.18489227488674292 0.10278571653324214 0.04306059759556641 0.009914360351284679 
0.25500000000000006 2.7618868401722976 3.4177271171295813 3.4705163250209803 3.3143645964547073 3.092419701821991 2.8510291749864924 2.610891189981052 2.379097052725737 2.1582539064853994 1.9494062552773008 1.7512609479515966 1.563940235531399 1.3853116280685207 1.2155544694940168 1.0527290804557907 0.8972220464091626 0.7480153043421688 0.605855970247515 0.47116798789621184 0.3459118535850153 0.23237244287855202 0.13382765174077688 0.058032624469371574 0.013680701910062654 
0.265 1.7788694189000465 2.61280947052097 2.919287758580056 2.9455635306818104 2.8527679093219964 2.7048649603404797 2.532319747202699 2.3510019085247373 2.1686255301991855 1.9885831540002519 1.8132559722942814 1.6422483909371697 1.476598527865661 1.3147310966311905 1.1573746317584697 1.0029669573992963 0.852189924249432 0.7044442336267809 0.5608746691515911 0.42287190585977347 0.29358509103354113 0.17631654135521724 0.0800421072735813 0.019566932114783997 
0.275 1.073946696759112 1.8888734144383073 2.3554098893384587 2.536877250351857 2.565050769882047 2.5101670463258063 2.410088456784649 2.285046417351053 2.1468090787655414 2.0022487670876083 1.854542442481065 1.706477122211636 1.557903340782065 1.4102488590078317 1.2620699705587441 1.1142738715041092 0.9653695567546874 0.81614910532198 0.6662028516835261 0.5171717004561457 0.3719387277175537 0.23422600350160305 0.11270236483106738 0.029129872064365125 
0.285 0.6107989664247732 1.2981741355578658 1.8219466595036256 2.1139004905822394 2.2451131724750093 2.2781412089699837 2.2494073935221968 2.1829656325252635 2.092724592236741 1.987494305117909 1.8729870630905376 1.751773135895475 1.6265286731226574 1.4969217763132725 1.3643786855327924 1.2272522343714232 1.0862821483668375 0.9397044341349959 0.7881508836168603 0.6310828889203981 0.4713311973377262 0.312447278620278 0.16124992020398743 0.04517918293756862 
0.29500000000000004 0.33237681913002054 0.8500010693661859 1.3533978401367504 1.7053255361082473 1.9137730497126915 2.0203600957074053 2.058131740589052 2.048579156693966 2.00734230093802 1.944143911556384 1.8654716018320334 1.7758959501115408 1.6772298666326222 1.5717692941482984 1.4586985957273493 1.3390980387234348 1.210747661867811 1.0738008273310273 0.9258036705337034 0.7665453672817917 0.5955951977590553 0.41674581401782984 0.23293339329018142 0.07267230408675163 
0.305 0.173278186724132 0.5352855311853614 0.966390026563773 1.3307019222575984 1.5868760576744239 1.7510298630186 1.844771675013795 1.8877776421030477 1.8934401796196483 1.8723766182663502 1.8314435229348323 1.775325249450847 1.7075272131881654 1.6290286196064812 1.5415564881235722 1.4435491704243206 1.3354120281216204 1.2138173122898839 1.0778045611269023 0.9232918867719337 0.7483535744189739 0.5532830990860725 0.3371975894993863 0.12002234994913097 
0.31500000000000006 0.08885340912593707 0.3243315317541264 0.6662276185749534 1.0059716628977928 1.2811148508669656 1.4819087331642373 1.6199226418594628 1.707001413117283 1.755669283051875 1.7744065869115608 1.770657049097853 1.749227157013963 1.7134280472743353 1.6657975964544276 1.6064627749464222 1.5363967149331774 1.4530021721383282 1.3555763924344917 1.2388791058176511 1.0999538566164886 0.9307895135082659 0.7282165549739074 0.4852631183400926 0.20077027738157338 
0.325 0.04402246077468619 0.19188662662462955 0.44396547232068084 0.7370270511315931 1.006015555550065 1.2254030665635853 1.3924827075164965 1.5147368564791877 1.5990745342952508 1.6539371130203258 1.684768825134806 1.696951619952825 1.6937854109055863 1.6775478315676853 1.6498897725186035 1.6101119092414702 1.5582249209693613 1.4902652844414639 1.4036516747357037 1.290155908535821 1.1421094552854074 0.945408872373163 0.6888649482603214 0.3352498809205712 
0.335 0.022272118932212683 0.1099738852848343 0.28800775321177413 0.5246811501583271 0.7698593088375566 0.9892385570671705 1.1724461103041195 1.3179588019763382 1.43087383155984 1.5152167053746957 1.577024285535502 1.6198026908412673 1.6476408142025853 1.6627399939349616 1.6666696969301977 1.660274338792107 1.6420817279681328 1.6109337086825275 1.5609770485998307 1.4866683748994964 1.3741964040376968 1.2058216220299285 0.9572127307400577 0.5512596540341592 
0.345 0.010637534056335086 0.06268541435068307 0.1816314868240862 0.36346149087631513 0.5736864443242469 0.7807192156003797 0.9660937751270157 1.1252069071668769 1.2567636949536567 1.3646158764230867 1.4510646644868372 1.5207916985510137 1.576048980188697 1.6202351074111665 1.6547799671279284 1.6809383587469386 1.6988707318240668 1.7064876907555169 1.7013130545791775 1.674639047586236 1.616900008699912 1.5002902833338614 1.2934018240421967 0.8809888824102518 
0.35500000000000004 0.0055809681542604555 0.03448180208050298 0.1126207655459103 0.2457055958121265 0.4176585859808613 0.6018134105519005 0.780119566848685 0.9416848237271331 1.0844230987776897 1.207092027577471 1.3129346597097338 1.4032376077360418 1.482068723372004 1.5509143420483338 1.6130707114280451 1.669490850815917 1.7217150455275028 1.769387902242983 1.8103969374835365 1.8407409950211697 1.8478313687884453 1.814029581998483 1.687974615663424 1.350450813455615 
0.365 0.0024894429482105827 0.019417427681910744 0.06805169329087826 0.1624726073342289 0.2967171515624764 0.4542611825609632 0.6166563340981526 0.7736929067313492 0.9182768510860853 1.0497926158259716 1.1670646659314368 1.2731897099272935 1.368895451943643 1.458242600803279 1.5423351002012002 1.6250700905002056 1.707248460013958 1.7917365215139167 1.8780127020731934 1.9653799221037942 2.0494337565361587 2.111148254849234 2.114904516193996 1.9568467982482722 
0.37500000000000006 0.001488993859547795 0.010261194825216067 0.04095369878822666 0.10527815720194708 0.20675959729733379 0.3353050283980755 0.47830286376499553 0.6232778422781247 0.7644041744965161 0.8966658506405558 1.0204898560852151 1.1348093372521315 1.2429705843175927 1.34546206291035 1.4469473289460404 1.5484729685809344 1.6555092435200596 1.769128088253758 1.8953681198523502 2.034822281511733 2.1897696643892535 2.3647897730059997 2.525570744872494 2.6445441062809985 
0.38499999999999995 0.0005533722345829909 0.0059152778058881895 0.023882419977067908 0.06712127532841236 0.1408943018656072 0.24303037802961241 0.3634484537649153 0.4935473344951862 0.6246725622589103 0.7536627277115903 0.8767725724705728 0.9953153305108872 1.1083634615732003 1.219892570961278 1.3303608088444898 1.4457747480055205 1.567362078503506 1.7037234273596114 1.8566795215076881 2.038835586010161 2.2571211116947447 2.5185159063693776 2.8532532367391905 3.2927412411371164 
0.395 0.00046460230027445346 0.0029210765235628336 0.014186223529065066 0.04202681815811725 0.09466515929816612 0.1724975243191538 0.27159549621709156 0.3834616248661861 0.5025310403360618 0.6224901208236859 0.7419591437724457 0.8580056266497432 0.9728279987774529 1.085627508065655 1.2014421763205556 1.3207511965385568 1.4519439736314967 1.596389017478748 1.7685304892076654 1.9715865615059325 2.228263721290398 2.571952378912825 3.0324300099669825 3.74970563411551 
0.40499999999999997 5.20255633090598e-5 0.001812485771137155 0.007972593626719322 0.026088099911262444 0.06224130372380625 0.12069709520514528 0.19902098408950972 0.29345221858887616 0.3971818319722086 0.5068180556734584 0.6175054894843958 0.7291909801088449 0.8394301835215964 0.9514052445413121 1.0643191245756367 1.1848407181753213 1.3132081218771654 1.4617924508644007 1.631407788627479 1.8464031393152673 2.117053158955031 2.4706243273697526 3.010036997622155 3.8826637948721583 
0.41500000000000004 4.8289135320608856e-5 0.0007086924965782468 0.004812108480768055 0.015844604689688895 0.04065003979222864 0.08274349703371366 0.14388319030179977 0.22051780333697488 0.30969711145626366 0.4059182897536628 0.5073481721579847 0.610018249211438 0.714981616609423 0.8199676452385513 0.9293454380724369 1.041934994828698 1.1668820686155255 1.3032073381776048 1.4698148356086371 1.6654151870858547 1.9238823020977704 2.2880513211133375 2.7975741765437503 3.6511772871544093 
0.425 7.5352568372488715e-6 0.0005925928329464456 0.0025118915521385237 0.009693332583866074 0.025878467877809338 0.056232317763054894 0.10203779972626661 0.16369595459997963 0.23745840280910363 0.3212985587467256 0.4106096851130966 0.5047443925703718 0.6001691902024888 0.6989695514747116 0.7986031938470658 0.9049891056109529 1.0156462615921187 1.1436149249221759 1.2841783194038805 1.4661285780541546 1.6897624425318412 1.9731198274374921 2.415720182943748 3.1142173202737755 
0.43500000000000005 -1.4121989200255314e-5 6.310180707368163e-5 0.0015794504132867794 0.005696641783763242 0.016574041008253666 0.03735667640130547 0.07171762009299154 0.11936231694440488 0.1801726404535109 0.2505114042528522 0.3292024087066625 0.4121618847467944 0.49972315719254373 0.5883185707244677 0.6811276602201796 0.7745637497763032 0.8767623826224931 0.9819827371266934 1.109542357393781 1.246513465529062 1.4260705036104266 1.6791889110913154 1.9765366522416263 2.4175540256135197 
0.44499999999999995 -2.3121386281445278e-5 5.7982391097645414e-5 0.0006453993635786295 0.003505610126644889 0.010191344046679316 0.02482882910736907 0.04936857390551185 0.08634604966652097 0.1345343369043089 0.19377967793426826 0.2606154002809045 0.33461625956151875 0.41184561634501937 0.49351899056285525 0.5753996594270178 0.6620132304378415 0.7473101839717716 0.8429451483930187 0.9361015068298912 1.0550565788666686 1.1825507691408825 1.3096301503313499 1.502369446152199 1.7157748489762001 
0.455 -8.01747083289256e-6 1.038777623241921e-5 0.0005399608402725884 0.0019125951958607907 0.006491791663486074 0.015986614936872034 0.033940671328442765 0.06133017759929359 0.09991818548388327 0.1479884002632255 0.20559250037968196 0.2693481665209842 0.33948098603418764 0.41176314651692814 0.48825488908767756 0.5631167167009202 0.6427542413493967 0.716125417312367 0.8008881554483696 0.8713008588106866 0.954183856489703 1.0759178893019148 1.1358931762273625 1.1257952993635476 
0.46499999999999997 6.28218583959006e-6 -5.553168637949246e-6 5.783481491277928e-5 0.0011897460187440534 0.003808274818296593 0.010493794574307505 0.0227562443581832 0.043590601337599046 0.07320966664942294 0.11302828859778961 0.16107936698270436 0.21770600042350366 0.2794146839334265 0.34692931899019913 0.4151956091229235 0.48705832542264327 0.5538042844821062 0.6245018546582981 0.6792293655831814 0.7443430488081334 0.7885184273262035 0.7679838308767493 0.7732552343571154 0.6935501205778766 
0.47500000000000003 1.0560793685561454e-5 -1.577239107427436e-5 5.503561257714368e-5 0.0005144358532812275 0.0024832110871821945 0.0065336005765294315 0.015530774487902297 0.03051086258071937 0.0540960991604493 0.08601105869082142 0.12758424694528672 0.17665700771893017 0.23380425437300942 0.2951142920407493 0.3615702581017481 0.42663272393010543 0.4937818530192052 0.5498151648685586 0.6072291793841788 0.6338511234977601 0.6474197220089567 0.6938372098694306 0.6295945438413432 0.41974860239662737 
0.485 3.5733221130304638e-6 -4.393693501213158e-6 1.4054681977439254e-5 0.00041729768740753244 0.001313068479448119 0.0043848922669932405 0.010356816535697363 0.022001541791442925 0.04012218983297359 0.06714984710071627 0.10250220640110816 0.14750282899161357 0.1996621103345397 0.2596082723689555 0.3225427919181329 0.38947603976603096 0.45136820221714824 0.5124951601806984 0.5524104792472183 0.5875362314069734 0.590048137424573 0.46239217386508963 0.3542763431146104 0.23645900130978525 
0.49500000000000005 -3.7013520698056523e-6 4.846806801912795e-6 1.8579497064116768e-6 5.0921974294659486e-5 0.0009318477035731142 0.00275437596858317 0.007547513603169218 0.016200863195019913 0.03158679249028794 0.05434063128656793 0.08681340212598114 0.1280819394723362 0.17937213163702168 0.2375336663983218 0.30304768693988454 0.36949382059088176 0.4379923180835449 0.49495774513287766 0.5473210409014614 0.5618723996055316 0.5450554249017876 0.5676517129437969 0.4749561184112714 0.21163630537790468 
0.5050000000000001 -4.232699139967988e-6 7.114027076107754e-6 -5.989587479639236e-6 4.7698368910512046e-5 0.00044317229625913217 0.002263778514374976 0.005795323846910548 0.013653210934684645 0.026894551882369062 0.04854041455586676 0.07899967636419845 0.12045587124416993 0.17140677280406258 0.2327851752082949 0.3003216393447936 0.3742373261261534 0.44545436648217596 0.5157957175113851 0.5638356968519652 0.6019219814761365 0.5938441353380406 0.45527085974471665 0.25862382365242353 0.10633338252489366 
0.515 -3.674731159988842e-6 5.674691568556545e-6 -4.6990900840621075e-6 4.420221666337834e-5 0.0006195639887390109 0.0019648534176798862 0.005881547911108093 0.013240387249589206 0.027142434111713055 0.048749803980364007 0.08104776892676421 0.12396089677425308 0.17927438980551555 0.24459158864780692 0.32038174561260696 0.4007947594840426 0.48579540621293194 0.562587880781583 0.6341789025354471 0.6699274184756914 0.6708654198519757 0.675030958347118 0.5510087915027215 0.2671991957578498 
0.525 -3.5559278941527106e-6 3.780299511445262e-6 4.7424884349472896e-6 4.591755149102941e-5 0.0006309707712560779 0.0027661277261949516 0.007009689285845076 0.016209065653176702 0.0317471288413672 0.056996664738927096 0.09286223471716083 0.14192888230337625 0.20331137888890335 0.278218574126871 0.36311665884462213 0.4580552088902591 0.5551844788708761 0.6546202003473963 0.7386115950812961 0.8113816628446353 0.8438622391765344 0.770080905430676 0.6559566239198517 0.42935189040927935 
0.5349999999999999 3.875104644113225e-6 -7.874075934506675e-6 1.6122959610887638e-5 0.0003630541423432689 0.00141869561429862 0.0040033946972414195 0.010492974069898449 0.022276389360190076 0.042824007733702124 0.07360055817222158 0.117697214562799 0.17528339977087465 0.2482752905890796 0.33480310978395805 0.43561982419002937 0.5459581604066565 0.6660710942689567 0.7854634925508971 0.9063090179439148 1.0034108373792225 1.0772994057194323 1.1243304411200155 1.0544858026363664 0.7825690542158283 
0.545 9.499657295693187e-6 -1.438482681269393e-5 5.939579451443369e-5 0.0005594136811767902 0.002283758182583138 0.006931309713685075 0.016182820436359782 0.033577327086711274 0.06098783305142873 0.10180382710870428 0.15683019749142024 0.22840054708200974 0.3157150582110323 0.42012133953719233 0.5389156804540548 0.673008261027795 0.8165822047104807 0.9715443215064755 1.124367017192086 1.2815154736984125 1.4163466297572809 1.495566917945026 1.5240854369796613 1.359294551563674 
0.555 7.800068113454628e-6 -1.4019705880247146e-5 6.0849345033010815e-5 0.0012007519765525835 0.004346044852731202 0.011386330005321715 0.026120565900822866 0.05089580050597034 0.08948658954006958 0.14315109895181666 0.214389234639704 0.3029249416970289 0.4103318582647374 0.5351035229667677 0.6786035803068411 0.8379411008577997 1.0153318862538336 1.2049227413417178 1.4122490180458454 1.6232976205424472 1.8438362775915065 2.0710821033328775 2.2322115200650714 2.250394982925502 
0.565 -1.2458425226700987e-5 3.396759745630251e-5 0.0005847955024504588 0.0022641332996563377 0.007316843629151613 0.019218892366991383 0.041097816390762335 0.07742579944833806 0.13005962178346364 0.20164630483310722 0.29207361040342633 0.40276053483433766 0.5326173748997594 0.683040252966067 0.8526166888069836 1.043812851515178 1.254814008406967 1.4911015900160483 1.7489251437531526 2.041161560242373 2.361568603831712 2.709116543982054 3.092217364408063 3.4646295046834545 
0.575 -1.1093237862677685e-5 4.339331663551563e-5 0.0008753636970187332 0.004197457479425968 0.012835330982165433 0.031079799256466784 0.06417637024551905 0.11502817120757325 0.18667329352664783 0.2790930358980349 0.3932981312564382 0.5280145367071271 0.6841928317968213 0.8607934705438259 1.0600959327075428 1.281983923800715 1.5317221923544264 1.810386446767024 2.130290614630792 2.4936772385339325 2.9255863845864103 3.4521062045889237 4.082481924997579 4.904374664696862 
0.5850000000000001 1.630989636663277e-5 0.00037461696636626775 0.002010435630299531 0.007370667244704964 0.021329606774109656 0.049798230855205426 0.09725674264192871 0.16765984116225655 0.26129245463151646 0.37868503716530155 0.5179832091846174 0.679271560602323 0.8610940740945398 1.065021782005483 1.291200310648651 1.5441251988775786 1.826416793567488 2.148396895830096 2.5167951563031696 2.95549327587284 3.484852800379796 4.1469795652476185 5.0397372882011755 6.326234901747088 
0.595 2.0809250106390564e-5 0.0005541977836428982 0.003411055917958497 0.01289848388547443 0.03527470972502916 0.07723204434979483 0.14429597316186626 0.237524411012929 0.3571135430798684 0.5003738769324869 0.6661929221209666 0.8521402142901174 1.0586451481717936 1.2852441657160234 1.535222363133066 1.8109801814428121 2.120498677136355 2.470664506101394 2.879266281430826 3.362824397632537 3.961854850202725 4.7380017034470185 5.800761411814862 7.407271740418464 
0.605 6.730793070900548e-5 0.0012230243646985193 0.006481339789364375 0.02190374038326319 0.05631295353262949 0.11732844575453984 0.20779406642905726 0.3280177086937909 0.4743221601558113 0.6440899942602292 0.8334661864063855 1.041409772474512 1.266338916276522 1.510092525721993 1.774042147339236 2.06385943033254 2.38482862147607 2.749174037769135 3.1690288407501725 3.671413130172089 4.288369650514165 5.081164791110492 6.187270816825114 7.851355235410525 
0.6149999999999999 6.936231567314724e-5 0.0022056409473105495 0.011268623955478776 0.03654596008338521 0.0883283006126207 0.17287784707295967 0.291564530178638 0.43977930171802454 0.6130384487872645 0.805571404751211 1.0145493259453533 1.2369577238630756 1.473116226163175 1.7231138500277934 1.9905762769885138 2.278856279789716 2.595866817764304 2.9494722233081854 3.3554154084860337 3.830687783578922 4.408249796700251 5.140180470804997 6.115628329638188 7.534587271232342 
0.6250000000000001 0.0006265651765494096 0.004482497679529239 0.019941171324422628 0.059498663961478175 0.134261562143432 0.2483118632244733 0.3969295781261718 0.5734229276895703 0.7694069299507422 0.979807476678778 1.199889650955681 1.4284508982955646 1.6643283691185742 1.9095007964345272 2.165666318134286 2.4377074060729997 2.7301828734944618 3.0517735109033044 3.4110768660883153 3.8233900809000994 4.306481529885637 4.8858709694518065 5.60665096971963 6.552648908503067 
0.635 0.0008494898736446325 0.008083033710694831 0.033969697149887915 0.09454390291260446 0.19928529576238063 0.3458691927465983 0.5253538351436023 0.7257235578571999 0.9388541922885416 1.1578520656292042 1.3799512407751018 1.6028711429970022 1.8273894157412252 2.0540454867865687 2.285798113366418 2.5250629768566224 2.7764869522586397 3.0439749424981866 3.33377415956642 3.6507066086050797 4.000508538565489 4.3865184942583895 4.786651478234208 5.182185016488218 
0.645 0.002100360809024907 0.015044056040992328 0.057273275680709036 0.14639138342318136 0.28671079676492156 0.46831087832404966 0.674516976348297 0.8927115551195556 1.1130026239419049 1.3308618446051212 1.5430064692910104 1.7494488693005268 1.9501093275673163 2.1469384808792578 2.3412408345472975 2.535593210392309 2.7316327889483185 2.9314616121866024 3.135438821846618 3.342238007244216 3.545266817118906 3.7248548700744135 3.8272285646951216 3.7460060371364388 
0.6549999999999999 0.00369619614550374 0.0268160049580711 0.09372177554700907 0.22048510350970163 0.4011468064722518 0.6146262209349949 0.8413051790610627 1.066552381079443 1.2835428980887174 1.4880032382385209 1.679582802447787 1.8581071977800123 2.0252835252974024 2.182127246086435 2.330443816652692 2.471064300743817 2.6045766380702413 2.730129246927505 2.844635051973202 2.94162146767321 3.0058791152163407 3.009704231395174 2.8857896855420404 2.4956603551374945 
0.665 0.007867238761555522 0.0477943449654876 0.15018562179510275 0.3225799305586038 0.5434756371139016 0.7830177579744073 1.018443122864807 1.2392960390197498 1.440123407330677 1.6205818229191766 1.7809259106616924 1.9232972623370217 2.049087696782647 2.1602107234350005 2.257572540096265 2.341612143074795 2.41158866279208 2.464873697878538 2.4966882473900913 2.49718164306377 2.4503451323634398 2.3243782985377357 2.0677700616336354 1.5491081565214158 
0.675 0.014931338874631757 0.08263433041430876 0.23357815907073368 0.4574537865303272 0.714116498283764 0.966933692888343 1.198231765822715 1.4006913741796518 1.574357111537112 1.7205005290278699 1.8423896543197409 1.942390167418574 2.0231642047684866 2.0862565109884095 2.132638643895156 2.1622704768339767 2.1735786026634076 2.1636963475380546 2.1266345594309812 2.0534169879737245 1.9287688636839166 1.7278837867225623 1.4183634396145577 0.9077940728794212 
0.6849999999999999 0.029919583531831575 0.14060198798431436 0.35309449245257274 0.6279662606732485 0.9077651973268559 1.1589539102137356 1.3701260603696688 1.5421879661848734 1.6782073789024008 1.7834243315814668 1.8618228495193778 1.9173684838285103 1.9526446475286765 1.9695246390166665 1.9688904196952486 1.9503056906281735 1.9125576137705576 1.8522480967941073 1.7648822233330066 1.6423329616775242 1.47431474510595 1.244382427905683 0.938388569875323 0.509196221177035 
0.695 0.05709340196229312 0.23186910506490638 0.5159616590801954 0.8328002989047089 1.1177018005014356 1.3478236373140071 1.52495249767812 1.6552619389675254 1.7471780745027126 1.8071687493515693 1.8411147517628623 1.8529911277660058 1.8458156360043874 1.8214449187613182 1.7805211803902585 1.72308505734385 1.6475665411711904 1.5519986317696255 1.432314304727875 1.2839839914673734 1.1000726478678657 0.8746301945103498 0.6033903646580401 0.2772010046832196 
0.7050000000000001 0.10930438805535733 0.37175910368331133 0.7277157412169777 1.0659803952122773 1.3315351467605838 1.5232301561979418 1.6530689128741511 1.7347697966390494 1.778616407578865 1.793250216515244 1.7844424766028797 1.7565710345839078 1.7124728406841978 1.6537578866441225 1.5813856007773501 1.4950319777686973 1.394192293490393 1.2770489925967694 1.1417510936103794 0.9856406235929541 0.8061852152105423 0.6039248836629908 0.38029309318463256 0.14856885962233057 
0.715 0.20129015401364622 0.5734923690848047 0.9867959818314789 1.3154774435813346 1.5371711007942752 1.6735854913857686 1.7481536690087693 1.7772010508900502 1.77349020421348 1.7451719597526227 1.6982420396027158 1.6365261184025566 1.5624774771859435 1.4777078388393525 1.3827001140827455 1.2777970805930219 1.1623486826257179 1.0359200297967792 0.8974580252502005 0.7466401319507524 0.5835901354197217 0.4123457126387404 0.23708683402761943 0.07965909919186581 
0.725 0.3605826665251873 0.8497015510654014 1.2838930571835234 1.5651574311708918 1.7197309094642386 1.79068972771506 1.805305484985629 1.7827467898004268 1.7345300507100556 1.6686101547192596 1.589819185082174 1.5013276550490195 1.405164220210025 1.3022940029896337 1.1934777335284688 1.0786458482125518 0.9579923508686031 0.8311971970317111 0.6985969746944758 0.560680207829484 0.41971239615942596 0.28007905114414317 0.14763756683830037 0.043498600401113696 
0.7349999999999999 0.614449041341443 1.1995567462236991 1.5993741323519166 1.7960277137967482 1.8680717607785013 1.8674380663915555 1.8236677139027009 1.753314458041779 1.66681724321051 1.5700134316547307 1.4666536551505829 1.3589337791876308 1.2480226532605738 1.134762591985792 1.0192950778227141 0.901989410623414 0.7827852684263719 0.662119033344798 0.5405357496414959 0.41935143930307733 0.30140329281220235 0.19040437690296882 0.09274281148854147 0.024619220345035997 
0.7450000000000001 0.9940955964942785 1.6090995945615254 1.9061759710703274 1.9899610279040914 1.9715048135031574 1.9014746497232966 1.804151077791756 1.693451877671635 1.5760942671120013 1.456181385326983 1.3357418734206825 1.2158449597494836 1.0971158684866853 0.9796246004425 0.8636268368850772 0.7490157283715136 0.636122368475912 0.5252470420136514 0.41731085219205954 0.31369015722188043 0.21710755405340287 0.13032698811114019 0.05933163282191428 0.014626529040213943 
0.755 1.5066665464283844 2.040569367896445 2.1741723584001433 2.1319697041057246 2.0254873067448553 1.892316963979201 1.7508835493679347 1.608422887753189 1.4688437635557317 1.333506392244135 1.2029781802248145 1.0773393197692283 0.9563102489997563 0.8397967404906698 0.7274395119615252 0.6193209059114091 0.5154256052457842 0.41625405471537935 0.32250760242910537 0.2355894394206368 0.15747208633432666 0.09033957648764447 0.03897117630134242 0.009153708972725605 
0.7649999999999999 2.130300159720464 2.443778746929112 2.3761453161597594 2.211804624898222 2.0272329362577564 1.8438232735565656 1.668787258383747 1.5046047461180898 1.3510440025389563 1.207542103903733 1.0731587118005863 0.9469393663998407 0.8282011435854109 0.7161680974851469 0.6105550644952441 0.5109637589534006 0.4175140030854018 0.33040076791105744 0.25026845215140714 0.1781944252239055 0.11541369972674909 0.06374693465837702 0.02642626620193156 0.0060006277021878995 
0.7749999999999999 2.788162074163578 2.7600937215294277 2.4935166992936173 2.2257580261533207 1.9805707290129217 1.760696635148824 1.564487057164384 1.3879320600009952 1.228307038239631 1.082899598606142 0.9496719350748757 0.8270632886544121 0.7137014967778338 0.6087932372813609 0.5115064954063848 0.421598328545075 0.33880581750507144 0.2633310157807744 0.19549793425210002 0.1360995727486436 0.08574560042271875 0.04597917006461394 0.01852948880009947 0.004091122494517818 
0.785 3.367607419240411 2.945397440294064 2.5175434667809005 2.1745460034237447 1.889913391627784 1.650432836171625 1.4441441561083752 1.264263479059576 1.1051123104708829 0.9629351451586948 0.8348825804921597 0.7187435071283599 0.6130760053354302 0.5165669732868283 0.42858803053291566 0.3484569212255283 0.2760083414073761 0.21114376746227836 0.1540751965071885 0.1051722710814832 0.0647723211741752 0.033980881771174254 0.013409103291456281 0.0029188171551092212 
0.795 3.738465555136118 2.9754798679133425 2.4502754635813284 2.066343429060444 1.7650962144702285 1.5196706054337337 1.3143337037518046 1.1383313200076417 0.9851793265592392 0.850175568073788 0.7299965039389422 0.6224076673923553 0.525526151469922 0.4382920918075674 0.3595998195759634 0.28901956349690955 0.22607356610695706 0.17063417878533052 0.12272212777292793 0.08237881573705738 0.04987726945190167 0.025745044296236058 0.010000937402983301 0.0022410212298984433 
0.8049999999999999 3.8092196842582333 2.8558582897058646 2.3014335258224072 1.9103042713991998 1.6134019483441415 1.376560642994883 1.1802840693442245 1.014246873621099 0.8710369613062872 0.7459125534999971 0.6356109004670423 0.5375662927879521 0.45024601654800017 0.3721534538127563 0.30263666247172205 0.24083969975396952 0.1864671693009308 0.13918416879232354 0.09892719912094651 0.06551983623475123 0.03922075049755669 0.019980464868064873 0.00773587070686671 0.0018955166852463456 
0.815 3.557236202928703 2.610496392009006 2.0879775090913135 1.7221078866148316 1.4466182022484433 1.2269734595278234 1.046938300979179 0.8949355958979714 0.764511869952317 0.65112990406665 0.5515156458855309 0.4636666403328475 0.3857187460181531 0.3167626001415273 0.2556285489941264 0.20191206399882014 0.15504082267934952 0.11473878153533834 0.08080115092309342 0.053017576945308884 0.03150821800054493 0.01589695190168522 0.00629485047355105 0.001728346505019962 
0.8250000000000001 3.0453888400170763 2.2772544921306768 1.8305677122249238 1.5124322883816887 1.2706697614408993 1.077727620688548 0.9176791349870835 0.78258802010248 0.6665441591233477 0.5656312348568704 0.4773680468351792 0.3995144488958787 0.33094010604145174 0.27026710796855663 0.21703752757083125 0.1704298919145474 0.13007982825278697 0.09570513096725883 0.06693587633456906 0.04372019181648652 0.02585773393436394 0.0130482072306419 0.005435366286701826 0.001629849358691926 
0.835 2.3916336324224527 1.8950253798457126 1.551984534274965 1.2977527117584822 1.0969291555118836 0.9323862011536195 0.7954532642887172 0.678566720031059 0.5775728660506084 0.4896140796893882 0.41225064613585655 0.34429723559937453 0.2842374789870326 0.2315671268201128 0.18522564427718766 0.1449487207818164 0.11025725153753566 0.08079329836646783 0.056350815391041295 0.03675750849033502 0.02171579508464111 0.011131347412193099 0.004928146657097454 0.0015800319323966416 
0.845 1.726484109606697 1.5029355604635097 1.272820782650688 1.084432329876219 0.9274078616363172 0.7957470251239974 0.6819355828364465 0.583509810647308 0.49759393128983875 0.42196058601235864 0.3555064059645235 0.29662259078565933 0.24484284409199958 0.19903403959637767 0.15909633898621459 0.12431287363776876 0.09440091328122499 0.0691481896971739 0.048218215841523 0.03152380727589575 0.018741301399413657 0.009897073740777057 0.004645064117138331 0.0015726850819991478 
0.8549999999999999 1.1488308778220278 1.133008599181558 1.0100243094889418 0.8866168882593395 0.7721847570258707 0.6689153153765359 0.5783393175956069 0.497842538942159 0.42621480999060524 0.3627281816379451 0.3059836953152599 0.25581589065982674 0.21115111720270582 0.17199672612703104 0.13746075027078752 0.10748180696952027 0.08178402497213774 0.05994817182362489 0.042009226427027965 0.027604574361888082 0.016656245129855612 0.009108191122148696 0.004482145216166966 0.0015811899855111555 
0.8650000000000001 0.7077109648275179 0.8112412115856881 0.7749491387809839 0.7043833098213083 0.6281906952419561 0.5549973535808364 0.48520109656979665 0.42115735332334214 0.36306622561792934 0.31026500534226487 0.26307976630352864 0.22052419740351634 0.1828049290425412 0.1490758569763233 0.11958350271817753 0.09383214500579845 0.07154411448630718 0.052795635792544406 0.037184102528474774 0.024706198757014353 0.015241843437639735 0.008630672544873708 0.004441744188588004 0.0016253850757513844 
0.875 0.4058152857118048 0.5506792853866387 0.5744269939307669 0.548881833734993 0.5047642616630099 0.4531349115155468 0.40246605685642317 0.3535529746141558 0.30734307005657585 0.2649120873851551 0.2256765252735794 0.19037281858824773 0.15832732252722545 0.1299983553533054 0.10468987180146722 0.08250563888300838 0.06343580895375056 0.047045360028553224 0.03353013239021478 0.0226017829099371 0.014263610549083289 0.008349716433794785 0.004427479268714896 0.0016478995977009525 
0.8849999999999999 0.21819382414745 0.3555253898219516 0.4107722271205927 0.41353102028902633 0.3940357961719711 0.36524824205604667 0.3301932117448641 0.2939601737239941 0.2587024211819164 0.22470604095145363 0.193377885301544 0.16415744723291523 0.137779547258702 0.1136287455556162 0.09224889452394813 0.07335835554940998 0.056696913067544666 0.04261456591360992 0.030673867238775396 0.021050481749980768 0.01364616177485442 0.008200256548621804 0.004481878091651403 0.0017129837309642904 
0.8949999999999999 0.11093127546620887 0.2181372461430923 0.2832645121441657 0.3072289987628211 0.3057179830140173 0.2891435258215097 0.2674605745300444 0.24256693826904557 0.21618171311157086 0.19047471157515838 0.16523777067312526 0.14182651649209504 0.11982146787587232 0.10001086092879113 0.0818578834001639 0.0655763444750197 0.051442730413740756 0.038961359909593825 0.02854630485697729 0.01996334591352622 0.01319147584963598 0.008137690893766925 0.004548966109725605 0.001764515856372828 
0.905 0.053888902280245725 0.1285411499384549 0.18831985359542605 0.21821133655261804 0.22779259068462623 0.2260732701617965 0.21430476698574055 0.19788624858709442 0.1796546975896385 0.16005789262976372 0.14109540200400156 0.12235711776348779 0.10489022051071492 0.08822292934005677 0.07309374335896651 0.059424572782856844 0.046933156008995 0.03622652074090592 0.026868776145430595 0.019134644617182714 0.012958108915998162 0.00813485195757871 0.0046426333847313095 0.0018226556553563311 
0.915 0.025259103700586597 0.07229729985075105 0.12089757799720502 0.15500691543730702 0.17117185489176168 0.1731032804311197 0.16918288948173052 0.1604089753441187 0.1481202559475927 0.13481558154526363 0.12022451243458472 0.10598605741068212 0.09177081770343642 0.07854723436346639 0.06588579908722511 0.05405788293528623 0.04358265375595718 0.03392048788134084 0.025666337436109493 0.018610045225384703 0.012762079199214044 0.008170753625378474 0.004756852093154573 0.0019180660563500318 
0.9249999999999999 0.011570746353996884 0.03989649843257946 0.07507191527071298 0.10267343733401911 0.12057112120274363 0.13118196425497528 0.13236907699945374 0.1283619563998918 0.12172265333312764 0.11244885903271035 0.10266701596438749 0.09186839678827574 0.08120412754017572 0.07025098813879388 0.059853015691016705 0.05008882997808127 0.04064479688950049 0.032342970642714255 0.02475043434813605 0.01821090432802576 0.012753338868323055 0.008248306371033687 0.004851480892997806 0.0019483256671642968 
0.9349999999999999 0.00520244008536631 0.02083379622701059 0.045246569676822924 0.07077868618263398 0.08871454394020141 0.09705271790004677 0.10188973816796228 0.10259996017544129 0.09947366799938714 0.09479666481239418 0.08791252530795535 0.08046732810241194 0.07208226047099309 0.06378429113784567 0.05520014093883599 0.04662180956355351 0.03875899887511008 0.031046844475179913 0.0242072038677741 0.01808452936065373 0.01273454320019976 0.00836581272644632 0.004909919109892524 0.001948888382719005 
0.9450000000000001 0.0023425355551053755 0.011249566867008502 0.026558359681479248 0.04277465733381943 0.05805682913270125 0.07162346503865875 0.07838874026286315 0.08116325697025148 0.08177690442527688 0.0794630525479202 0.07615585243707619 0.07108864071728735 0.06537141900345148 0.05856409196735449 0.051554146622179685 0.04453347048549543 0.03716548135535881 0.03043521703441944 0.023923496035892916 0.018045799824004463 0.012934539745194928 0.008517132538078676 0.005048676797989038 0.002016690038408875 
0.955 0.0010323865209790981 0.005344690763188541 0.01525291215622249 0.0300834835860964 0.04337893006166427 0.051661330358353415 0.059647126746143184 0.06528185646861498 0.06769159611102722 0.06868067095908131 0.06707126056481579 0.06435786638336986 0.06004312196542048 0.05514615893046021 0.04932253789141604 0.04287292289554493 0.03665395384282594 0.03008900687378087 0.024007339221269672 0.018310196564541928 0.013120471364860137 0.008733428053661618 0.005199528051970381 0.0020992694751365004 
0.965 0.00048195024895914765 0.003145900890211208 0.008659080103166364 0.01572918009132172 0.02576460611015828 0.03828724013921446 0.046764213653583374 0.05293262462344904 0.057866813008576906 0.060004096215940994 0.06096514729190244 0.05969461061298238 0.05721275365969253 0.053049198443648735 0.04811526558058145 0.04269293494664969 0.036439972931660326 0.03046785979747141 0.024383880488238266 0.01867397084230199 0.013557012500296783 0.009008289847893536 0.005392283108904272 0.0021681236094583944 
0.9749999999999999 0.00020551087111277122 0.0011667110228922922 0.004942683017141337 0.013214552084294794 0.021989865711473162 0.028584342146915215 0.03750350347533041 0.04573983750840965 0.051461729659599144 0.05598218602567012 0.057660988751136955 0.05783129767631592 0.05589950478492546 0.052880664706079786 0.04846666090224817 0.04298182462764456 0.03739925607709211 0.031153734357205337 0.025160834753170866 0.019385662344398313 0.013989222060723644 0.00936258131866291 0.005576795269941759 0.00222810087350811 
0.9850000000000001 0.00011854192512781268 0.001093461679573947 0.0030512700716127383 0.005724030383721544 0.012531729930284402 0.024119196295742343 0.03351310215946777 0.04177204708560732 0.049378799526046895 0.0541774644150006 0.05755128801320725 0.058264339061526574 0.057302789155591616 0.05421139275716535 0.04995020033919835 0.044889851940192564 0.038710209784703284 0.03262387398870713 0.026275465308251908 0.020205356202800118 0.014704103216389014 0.009776668823366363 0.00582328414683031 0.0023115090586056652 
0.995 2.2255596267674663e-5 0.000213931207979556 0.002306183266334973 0.00851096328847189 0.01593848655347279 0.022533596423656137 0.03279369682338902 0.04308460075617858 0.05094217501013702 0.05739522628971294 0.06057565302560828 0.0617898588916874 0.06045807066696997 0.05765854188955772 0.05315941450727054 0.04734197792769113 0.041282015183237084 0.03444401683586791 0.02781498400815305 0.021407622651821098 0.015411994566456866 0.010264923561030537 0.0060612440536872425 0.0023882327348456744 
