grid rho1 rho2 rho3 rho4 rho5 rho6 rho7 rho8 rho9 rho10 rho11 rho12 rho13 rho14 rho15 rho16 rho17 rho18 rho19 rho20 rho21 rho22 rho23 rho24 
0.005 6.097526240771492e-5 0.0017020750163563615 0.005044729495411529 0.011324387771635865 0.01716581784326123 0.019794492757133943 0.022090931978953517 0.021893512297636517 0.01953331091316384 0.016188117245844597 0.011999309602280656 0.007997804925141683 0.004920737378052986 0.002775251961317088 0.0013725082184796317 0.0005884900786082281 0.00012917051453323683 7.952295389404215e-5 6.144993284816838e-5 5.154206805658805e-5 4.610742039652324e-5 3.994933542744196e-5 1.5737133591446975e-5 4.47244057487535e-6 
0.015000000000000001 0.00025159190198643586 0.00016249568753927066 0.002445448714352358 0.006683130278083149 0.014260600080742356 0.023985287688839743 0.026541327569846486 0.024368819014122106 0.02005064179761637 0.01400462326921776 0.00922752846679864 0.005879001299324144 0.003409577380469875 0.0017034812817237968 0.0007309600136983993 0.00028282845302976187 0.00023802008251093236 0.00010343996172264801 5.279482936056991e-5 6.126034152497198e-5 3.898184905096885e-5 2.9053826814491243e-5 2.1743004325583577e-5 4.5580335479057654e-6 
0.025 0.000229650315846687 0.004188826544794088 0.011560198335631381 0.022264572984183502 0.02818934756724286 0.02307736264872181 0.019880429110403185 0.01780549902736777 0.01427592344196097 0.012664993168677412 0.00973603813511515 0.006151668784150181 0.003644344016013809 0.0020148787796339662 0.0010242921972863223 0.00043112869021599137 3.249393310642175e-5 4.991849390611862e-5 9.359577394967358e-5 4.828189782641115e-5 5.8526851603925983e-5 3.803467077086783e-5 1.4956867334719667e-5 3.590533966674192e-6 
0.035 0.0007528631955272536 0.000764517485896208 0.0034657965727499275 0.006264050206994734 0.01286222237489535 0.028917069388791766 0.03337289300366069 0.027491199261495645 0.021252443760488154 0.01108535469125458 0.00453095832740457 0.002536275397911278 0.0010764249579901797 0.0003532522886979042 5.5989797042091394e-5 6.635411235627643e-5 0.0002795985910748755 0.00015859929801413826 4.457149357028293e-5 7.875957697060613e-5 3.084503263257876e-5 2.3899086727479334e-5 2.009806486851992e-5 3.8595904659766145e-6 
0.045 0.0008793077017111434 0.010183993924756975 0.025753581062824306 0.04380323536324329 0.04898185437890974 0.026374259292071423 0.010630146099204277 0.00860956708427724 0.005439915867815059 0.009819140258780258 0.011599411185006948 0.007235266434643499 0.0044540608229793385 0.002549337501179085 0.0013331692376413688 0.000590900079377359 2.816243449359733e-6 2.560419433744656e-5 0.00013065539401914232 4.2554278642656027e-5 6.642005389505094e-5 4.020373015672582e-5 1.0005058601026372e-5 3.391517292916993e-6 
0.055 0.0023874774297069287 0.003401207819196065 0.004492301904432654 -2.725183429613809e-7 0.0018461506087144412 0.03374935215020281 0.050221930559743014 0.03961653813292082 0.030165795936974583 0.012360340297578872 -6.643374141817107e-7 1.4548475987287424e-8 -3.9851687939077484e-6 -4.647945935072715e-6 1.495510735745273e-6 9.428349356528751e-5 0.0004256990790414347 0.0002588228808958091 2.8555374678653107e-5 9.560305209803648e-5 2.0137553898187666e-5 1.4440390937739758e-5 2.161719779436447e-5 3.4103427148674675e-6 
0.065 0.0035680344550046653 0.023829236786586862 0.0529198159812022 0.08097129153827902 0.08517463777061121 0.036427027762298815 2.006338651857134e-7 2.643529303065443e-8 -1.626590928206881e-7 0.01009595758184892 0.015229764989870736 0.00911473449309269 0.005617420660824135 0.0033426364851731755 0.002044192775159403 0.001025073387085822 0.00014706432782262845 5.260811449230712e-6 0.00018772577156792643 2.7474500552979262e-5 7.56129386750206e-5 4.397939724677148e-5 5.196626896831168e-6 3.2349484827866315e-6 
0.075 0.008529893064563882 0.016435547731359017 0.01658679492924531 0.002917399282745354 8.652054322893566e-8 0.045641479675371584 0.07013939957054169 0.05268663615986351 0.037795497627690654 0.0177851747024285 0.006825013663180283 0.005975052321513345 0.003935806281646793 0.0027499599706468786 0.0014815505668116374 0.0008996081477829739 0.0007249519634377836 0.00046549546202143523 6.207536662570113e-6 0.00012040048688995381 7.339153374320926e-6 5.827594429350276e-6 2.535411718562145e-5 3.6263426367224433e-6 
0.085 0.01610520504219272 0.05613554910185945 0.09683250247451942 0.1247197964713414 0.12041096202971685 0.06187935033593055 0.025068171789900392 0.024648914345029235 0.021272006266678453 0.023508363546809533 0.019942046529405726 0.01322600588101689 0.008916851335565197 0.0055687972740315825 0.0036558182277551463 0.001974176804229663 0.0008007734238668976 0.00016946632912542454 0.00029592764098950505 8.338831650422885e-6 8.303051119930207e-5 5.4034718667642654e-5 9.6572599912032e-7 3.575772695302293e-6 
0.095 0.036377075666653366 0.07100181465686999 0.08085997964053393 0.06794062318015875 0.06269400997953828 0.09007643276571212 0.09230749889946105 0.06994867212099651 0.05308288778989355 0.0348979578803886 0.02449924859964439 0.01763355850038957 0.012274972527081054 0.007994581958698302 0.004938702333531254 0.002955971895200575 0.0016353391475674127 0.0008872564727117655 0.00013452224684906277 0.0001665110163068099 4.97947924901895e-6 -8.003254407177966e-7 3.4685620860529015e-5 3.965494961739868e-6 
0.105 0.07719579701295212 0.15285027759307085 0.19124403916271843 0.19909623109011163 0.1778853163059023 0.1261746254494862 0.09453100843917916 0.07960281108920783 0.06416405899344613 0.05284397489583349 0.03971018733533258 0.028635741541477473 0.01951948174345429 0.013000127942130318 0.00800815151721472 0.004831998990837902 0.0024666810211888476 0.0010178370879691985 0.000554795422296969 0.00011166227957466225 0.0001045813092514597 7.588128407052348e-5 -3.419718144645695e-7 4.887411045578077e-6 
0.11499999999999999 0.1664484041688368 0.24882840715515175 0.25698633180588043 0.22979617990896198 0.20296355841566546 0.19030944071938535 0.16301198908298234 0.13024766163287593 0.10236970347692417 0.07729757312520368 0.05820626269623305 0.042300080092120586 0.02983666464837203 0.019765624059520787 0.012545505086633546 0.00735182446044251 0.004226257807106795 0.001974601541388822 0.0006888224798041326 0.0002899734454072999 7.41407145737926e-5 -2.358601103923737e-6 4.8528155781028966e-5 3.46272204273905e-6 
0.125 0.34159178767678416 0.4435770843040393 0.4371597189022343 0.3953605161827285 0.33717413291954496 0.27020921302037026 0.2197811441922057 0.17920618415961445 0.14371907384818292 0.11340351344820698 0.08638277910033038 0.0637960990146973 0.045118103181576545 0.030670607972204354 0.019506919052205557 0.011709610477333293 0.006490951698689268 0.003262348949661237 0.0013115978937245677 0.00043553209240170107 0.0001482789431612187 0.00011753928442462059 -3.4299720017217294e-6 8.543077279843728e-6 
0.135 0.6667510977000244 0.720259575314702 0.6442073910378069 0.5475525099218979 0.46083397041800517 0.38972883317156426 0.32085444665182394 0.2596646374834193 0.2069998696859218 0.1622209370455468 0.12466920485573896 0.09323043399684078 0.06723497921584995 0.04629249377956866 0.030232382090401855 0.018272870831502128 0.010373183376410217 0.005323230701873363 0.002226214846294712 0.0007573912707439009 0.00022366815591888306 1.7499899679583846e-6 5.572743503495028e-5 2.4737215070184254e-6 
0.145 1.2138530230345934 1.1415495686261417 0.9678552509187249 0.8076002568191101 0.6646477367132707 0.5404416738995741 0.4407057920440833 0.35762077299850825 0.2876602527952324 0.22803799292614932 0.17724646655090728 0.1341432445398933 0.09838337919061378 0.06898485146578925 0.04604347185779359 0.028558402786811946 0.01631013515743865 0.00861389985621179 0.003819818535389513 0.0013096451966752853 0.00040524618916373996 0.00015877146449486975 6.737551807340801e-7 9.990718906056732e-6 
0.155 2.048661152862251 1.7003219943065238 1.3705166633667702 1.1092090466937838 0.9031711204118035 0.7392461083455791 0.602348731462424 0.48881298740092016 0.3937225221890418 0.3138017659125813 0.2462732631508407 0.189037232982347 0.14089427906041446 0.10099974054716618 0.06873800000594538 0.044073388593993124 0.025630231904251108 0.013828163797180437 0.00642021172526791 0.0023166104860673775 0.0006602589628861878 0.0001419724209364144 5.744879883100168e-5 2.6379968110987195e-6 
0.165 3.182851757316256 2.4146611164226446 1.888634072389135 1.5060939469481522 1.2125666796212193 0.981416573547092 0.7983383110563853 0.6492614880985822 0.5262133842751001 0.42285231004761314 0.3353884598336538 0.26101066673189927 0.19773522845923946 0.14482309584566405 0.10092995964358538 0.06647063870754352 0.04018648688307418 0.02183437543162893 0.010817930042360258 0.003982158787481371 0.0012566146233902037 0.00028406750080119895 0.00010367594383488721 -1.6548127559218306e-6 
0.175 4.5364733720703345 3.245426631628065 2.4889403569359616 1.9604185147872766 1.5719975368605783 1.2738284829625335 1.0369985423585795 0.8459328134259185 0.6886431301248999 0.5578035977176462 0.4469689486236726 0.35276074905980814 0.2718443855303383 0.20312466082752934 0.14539273759251164 0.09817806649008373 0.06181554765727036 0.03458795464656994 0.01753968624622418 0.007235906056626135 0.001958854843778224 0.0006595605317438399 -4.726947156402173e-6 3.824719577092935e-5 
0.185 5.917219730866474 4.144704676334815 3.1580790179573803 2.4816773401742904 1.9871894256750695 1.6093682490078614 1.3135159817741258 1.0759297776984187 0.8818051264350044 0.720003278519065 0.583574624507774 0.4665247224083971 0.36602708137943724 0.2788144017763413 0.20486192580971233 0.1423249395221357 0.09266091331066768 0.05445159921477413 0.02801745789764755 0.01265625478839294 0.0036829649277404786 0.0009576065564361955 0.0002172232158210996 1.6623980675649526e-5 
0.19499999999999998 7.055320949327812 5.017835038178764 3.840573086235917 3.030713056956881 2.4373750458870633 1.9835259922245525 1.6263289351292425 1.3394691363819335 1.1050141790945265 0.9101668410757608 0.7455810502167256 0.6044113218016156 0.4819168840316695 0.37497221280963744 0.2818784463911249 0.20222113130818534 0.13570280526538844 0.08375529486399289 0.04488277534294219 0.020981861627736992 0.007302535346524752 0.0013127187503118865 0.0006124372353126344 -1.796717684699519e-5 
0.205 7.688923321547997 5.756674657089078 4.484266339578635 3.5843925585714023 2.9070249061373428 2.3823777679837415 1.9662697975055827 1.630679405593411 1.3555297355886735 1.1266508669307844 0.9329413179482646 0.7665792351453116 0.6211519273229823 0.49318944842331214 0.3795628961599368 0.2804248058512414 0.19481827956829045 0.12518363782132758 0.07117753000954082 0.034199813153824865 0.013485789251471009 0.0027626622003687484 0.0006459660338482137 -7.2511314099833746e-6 
0.215 7.663745809436224 6.240431647451965 5.019837779074853 4.094160472968657 3.3679860090288103 2.7901814126270703 2.3237182600929507 1.94285224001699 1.6286089474675864 1.3660772368826368 1.143615680212243 0.9519365683614368 0.7838761697116857 0.6343279843529778 0.5000286760851393 0.3796327412962227 0.2733665969783942 0.1825977641935428 0.1097926118483198 0.05585953664999886 0.02313805142594022 0.006313627094081675 0.00045505940042059323 0.0006532186985514377 
0.22499999999999998 6.998956675645353 6.377984169385121 5.388197575675706 4.521139644692962 3.7918599875470416 3.1861540332533482 2.6836272798529226 2.2658751375932793 1.9169245057916517 1.6233704324287095 1.3736993520813399 1.157988208392703 0.9683946563998027 0.7982780805864925 0.6438435803967765 0.5022326989448459 0.3740899907619484 0.2601247252970718 0.1645620116839056 0.08956398593103557 0.03915290893688472 0.012469794597152334 0.001512963393071609 0.00021694464149655396 
0.235 5.870698872902491 6.1323650934620675 5.537597059319853 4.821327251157616 4.1470229483328485 3.5480253502153065 3.0304695394033256 2.587886074348534 2.2116996011498515 1.8915523484885066 1.6176908016531808 1.3804861791945024 1.1714107678819248 0.9831657584659006 0.810238959333593 0.6491923162341343 0.4991996671340747 0.36138749068326675 0.2399883521725082 0.1394704060041999 0.06581217048721236 0.022731491558118655 0.004218126754487739 -8.501346440851001e-5 
0.245 4.541296449591217 5.54149781536186 5.443611672494514 4.965715360384298 4.405119337901444 3.8531306264069363 3.3460315197518646 2.8956854035700332 2.5023849786793284 2.1624914100459196 1.8687553696564143 1.6135691225389062 1.3882221075461327 1.185041955640473 0.9969781748120327 0.8194719951989508 0.6498436162580383 0.4890844097550454 0.3404133592357278 0.2108248804943244 0.1078242955793833 0.04068282993807751 0.009278169228425087 0.00028929436882534076 
0.25500000000000006 3.254575133972583 4.708839397850871 5.110189115889581 4.935583038254935 4.543626736583821 4.080369894666129 3.6137682040862487 3.175069914353069 2.7783659222932875 2.4268428344619712 2.1193578346747355 1.8502222097166539 1.6126864698051593 1.3984116039759038 1.1997493269464068 1.0101285309974677 0.8252703484318176 0.6443701939100086 0.4696868438756458 0.30885061536331593 0.17123824813962546 0.07149120236476653 0.01863940949499987 0.001751715664444209 
0.265 2.176065446103176 3.7692535583257305 4.57857623951497 4.731675811010906 4.549324113218757 4.213376428783208 3.8172059146445116 3.413214795673778 3.0279746747291165 2.675873313193372 2.361030190141231 2.083320370850541 1.8374635180245906 1.6166616283924233 1.4122523011202792 1.216263297511452 1.0221786492658405 0.8265424396440725 0.6298996298960935 0.4383833025714667 0.26295433334449503 0.1219541805854929 0.03615366783251278 0.0047495521881560365 
0.275 1.3668946624450378 2.852912654684185 3.913835935756624 4.372216906292016 4.420209066704837 4.241170405209522 3.9444595870878896 3.5973811797934805 3.2415633255160876 2.9000259026866235 2.586520000070104 2.3050513835714566 2.0555158484510674 1.8320317251539666 1.627055155592711 1.430823869637822 1.234827231220073 1.0322395601546412 0.8206478807933573 0.6029115413144208 0.38978137636978966 0.20057690378734588 0.06824415424700678 0.011067178124556099 
0.285 0.8150029495523379 2.0501136609094655 3.1966976565430953 3.891667350602579 4.166328829332408 4.160961644590898 3.986275157880697 3.7186419418124923 3.4090475259342696 3.092137418963535 2.7879839891008076 2.509347878145543 2.259435513079705 2.037318757345357 1.8356852059604805 1.6453917831480411 1.4550949688127175 1.255078895960767 1.038387015466508 0.8033010006996453 0.5571646611801425 0.3171600344972325 0.1243379947627632 0.024451515232686016 
0.29500000000000004 0.46502517101317037 1.407461943653084 2.4981660593989234 3.3375398580252096 3.8075147810903416 3.97775171848246 3.939872369644025 3.7693676171025947 3.524002446161424 3.2443312562658213 2.9603775887681016 2.6897710521642066 2.4441007666992443 2.2252069296055987 2.0305053889024234 1.8504072992197231 1.6733203770133307 1.485650483914009 1.2760307089531855 1.036519411628936 0.7677913346214 0.4812523308906594 0.21706477298924082 0.05193927069638837 
0.305 0.2571440233545451 0.9275078750710462 1.8748854642630906 2.757978861969324 3.373770230933347 3.7038390553021903 3.8070930205733338 3.7470609648496267 3.5800548538908545 3.352320465123351 3.097728471153187 2.8431663933818263 2.6042589923314345 2.391254159769942 2.20399348255987 2.037372453943534 1.8785192073499914 1.712554919794966 1.5227415993738096 1.2948775803155352 1.019948269440919 0.6997705769777155 0.3615814999669682 0.10544713155278135 
0.31500000000000006 0.13854847917252472 0.5910837008561259 1.354282924057571 2.2002254040931946 2.8970112051272654 3.3589759539317505 3.595682793574728 3.6517336565573806 3.5752949218677674 3.410906300201545 3.1977288910199855 2.965312969868601 2.738497176644846 2.5312103802088206 2.3520850660525796 2.198186516531439 2.0608364950423095 1.9228401327624725 1.7649011512673074 1.5657269681185149 1.306063404237125 0.9741740416100659 0.5732962618643187 0.2031367799600954 
0.325 0.07371217230325092 0.3654595674686036 0.9464345285670495 1.6954912343219057 2.4131349066214636 2.965070356319771 3.3187085988170697 3.488203720098009 3.5085707743202326 3.4189202302385526 3.2563524510006916 3.0558552232444884 2.844299420093816 2.6453248381219727 2.471324966295884 2.328822994600871 2.211092841776207 2.1046718015078154 1.9868439541644245 1.8323900719570907 1.6117946524096842 1.2978713507797435 0.8635198980863832 0.3695309909045416 
0.335 0.03861121260889874 0.22093407029268036 0.6408497287865258 1.2666083852367849 1.9491413825557697 2.548997579199223 2.9915380106113143 3.2648955051266375 3.382886450618281 3.374499406811794 3.273355883139422 3.1120169071735426 2.9233480040025985 2.732821535786276 2.5635667838456744 2.4263791318035364 2.3248503165663172 2.247184004839128 2.1738515138294128 2.075311658985868 1.9165175123953926 1.6545972727886926 1.23338431312625 0.6329614253449994 
0.345 0.02023953310155771 0.13057203458008895 0.42304720266889567 0.9173883019823295 1.530298546786377 2.1323399459629013 2.634346556575688 2.992555027896404 3.2032447021330595 3.2795211130489674 3.246486018718562 3.134702257824149 2.974282786038608 2.797615036410299 2.6298726296454134 2.4942338761070726 2.3994522190452434 2.3449559485404934 2.3125319101469874 2.2754988876731432 2.194857019769999 2.0183495015625477 1.6679568676118588 1.0187508255554873 
0.35500000000000004 0.010434072642613807 0.07610274869749119 0.2720874136198236 0.6475336140553517 1.1670091456782148 1.7385965412140783 2.263993927099022 2.686223480714842 2.977025926135825 3.1363691856764233 3.176973018962595 3.121544056429178 2.999439606915719 2.840026341434872 2.6767012044159313 2.5354018819668385 2.439681387744458 2.395185009628438 2.3957590924335492 2.41580880084486 2.4208785922050957 2.355402620787752 2.1326467394570012 1.5370698488239996 
0.365 0.005454360419974991 0.0435145641565052 0.1717669299379269 0.4447068995831516 0.867870684081724 1.3799468298718645 1.901050916678982 2.358876266679882 2.715117454944086 2.9498923854341546 3.065093162240034 3.073502720799047 2.9966166234432428 2.864202820476795 2.7064496174155717 2.559307360223035 2.4505808658333312 2.4039015317058787 2.4200941039737276 2.4865247922687197 2.5710852147460783 2.62861865224628 2.5771052621466337 2.1664544532644117 
0.37500000000000006 0.002761493503731626 0.024714482567509202 0.1060088776387151 0.2992693913304187 0.6281872785321831 1.0695011027814385 1.5572600241329948 2.028049741775438 2.427291998300106 2.727479622727379 2.913737325462531 2.9890739501052774 2.966853725843991 2.8684231749411997 2.725606378094176 2.5709858883204295 2.4450133867398165 2.3781780707907765 2.3927451606086554 2.483017422396191 2.631774747953617 2.803443827864983 2.9398920173863976 2.8392769532127624 
0.38499999999999995 0.0014587994648178424 0.01375907198567887 0.06460481037629771 0.1964084469430571 0.445164484930104 0.807579521242656 1.2475085286858583 1.7041896546512088 2.128171478531242 2.476197203041188 2.727214873184859 2.869582800608907 2.907081309684097 2.8541859194982053 2.733309763702143 2.5800623930441127 2.4313555315269566 2.33476160731402 2.3227756431290714 2.4139400069514 2.596427355450866 2.857663554123769 3.1686323905231544 3.4400859434101934 
0.395 0.0007123372025355339 0.007675125591339064 0.038526037653296596 0.12702006644992825 0.3075348317115643 0.5970564783348976 0.9748860921950785 1.4024989885767356 1.8266229980173445 2.207886929683591 2.5102436737922 2.716498156265085 2.8173121529435217 2.8170346052986615 2.7319418383984075 2.5870667439615658 2.423574231202201 2.285998476751778 2.2313731480221124 2.29039584224229 2.4769930999533227 2.78186562566848 3.2171444300990393 3.8324412415657165 
0.40499999999999997 0.00039756330498324187 0.004168828610330794 0.02282862104240771 0.08013514339602237 0.20892147781588205 0.430400959482578 0.7463406601860512 1.1273439126091656 1.537395892827449 1.929769189102452 2.271943907888063 2.5324579578504243 2.696231047684635 2.755850141579445 2.715847342890849 2.5957321975167464 2.4245428576471544 2.251794621919622 2.1349684135100784 2.139292072384819 2.286658902837116 2.5939870802216487 3.0853116281916284 3.906802410974828 
0.41500000000000004 0.0001754072881949252 0.0023042671805942284 0.013204688291598949 0.05014503344798959 0.1384164946239527 0.30480651674361453 0.5574111612148415 0.8884198042243225 1.2652316602322344 1.655719768453043 2.0178935388515375 2.3238097574805145 2.5446245187555365 2.6663375159147504 2.683054369857795 2.5992537040549415 2.4400884564433745 2.2390102673395673 2.061066963212249 1.9805096449473716 2.062219303595551 2.3138918321634687 2.7782676996857916 3.634019660201821 
0.425 0.00012097602056270265 0.0012141447975908123 0.007654842470372842 0.03052237191223377 0.09065074583688205 0.21051001288041163 0.40886608610074016 0.6834635710196664 1.02165379604705 1.3902869915934777 1.760869668982032 2.0944459823113566 2.3659735116083356 2.547533992424414 2.6258922847974198 2.5953105006732726 2.4618517378431526 2.2574937556687726 2.0222102671507742 1.8505735085437656 1.8247334942626945 1.995048975280636 2.3714541965388474 3.08023947242579 
0.43500000000000005 1.5895604180940666e-5 0.000662420790899427 0.004298932955125326 0.018601968363879656 0.05780109884164102 0.14342536362412395 0.29251764013811654 0.5164403399822264 0.8058351646696147 1.1462272240222393 1.5048535446962565 1.85591322876629 2.162323667548786 2.4000391940249304 2.541317056272728 2.5727353332866665 2.487330188170152 2.2968007800985184 2.03669038387999 1.7671736589549059 1.6233792034132137 1.6616297818304193 1.8991903614989047 2.3801900930384603 
0.44499999999999995 1.3077507540542807e-5 0.0003192619124923156 0.002461368204073806 0.010928144315895692 0.036697599909729955 0.0951818136822001 0.20622460599296752 0.3807206390684427 0.6244805274327949 0.9235900556038741 1.2633945096492003 1.6114875688152834 1.9436788200497157 2.224047865669109 2.4267980824131423 2.5257389178927085 2.502423579793994 2.352875282715727 2.0932727564866287 1.763314712493322 1.4734388256067135 1.3785995707070955 1.467891717269188 1.6851449401727174 
0.455 5.184656318374739e-6 0.0001925587622387875 0.0013278428345097487 0.0065459236066769564 0.02255081999887052 0.06267717469795751 0.14165436396345207 0.27643480413243604 0.47226825387143795 0.731469071919425 1.0370152081353847 1.375145280713513 1.7127773206984935 2.027130100249295 2.2815649490540753 2.4468315842406447 2.499376221326383 2.407957292946964 2.1846283885190316 1.8323018956759862 1.428674501311642 1.149089232733542 1.0751292629069078 1.093865984414303 
0.46499999999999997 4.802715224735271e-6 8.152635945191892e-5 0.0007653296299172307 0.0036907899914660237 0.013975430717949579 0.04004207803797032 0.09634736191282443 0.19561054962371913 0.35177408534344506 0.5654280900916613 0.8371731917929547 1.1473181154046386 1.484101112575419 1.8114042651591507 2.109752524133464 2.3359097092937198 2.461551684281339 2.4570160159961087 2.282285963747124 1.9675579801579315 1.4905180982723607 1.0431312736025415 0.813979114747492 0.6750720541771431 
0.47500000000000003 1.8397005795926097e-6 6.304595912503099e-5 0.0003876715015596415 0.0022062303565176895 0.00826218065821953 0.025632392444151546 0.06368251438819558 0.1369225764939962 0.25545615388336895 0.4307119930457492 0.6596677630239298 0.9424285634538558 1.2566748922630633 1.5933842290225246 1.9107394538658375 2.1951945429322 2.3880668720707416 2.472117495965885 2.38895836608292 2.1185265988427675 1.6702235692785214 1.064109564375192 0.6191613841168969 0.3860338350764939 
0.485 -1.3785996234774028e-6 7.352080060138606e-6 0.00023253897267992967 0.001173563986432691 0.005058715027228511 0.015782514174236015 0.04203375039065461 0.09330910302490777 0.18350670874147781 0.3201412568217958 0.5127291009077202 0.7557414465719476 1.0490705625389014 1.368513650633903 1.7065188196187815 2.01585203984403 2.286166046005737 2.441453446335341 2.473995424810238 2.2865780611477904 1.8929355412737918 1.2626056627698237 0.6110088121827203 0.2668942339991066 
0.49500000000000005 -2.3077467510308064e-6 6.532542679254898e-6 9.526592237370408e-5 0.0007308128307460717 0.002860470041235615 0.00995414874124937 0.026882956795002712 0.06346453138759475 0.12872888183185832 0.23565028682326927 0.38960562969802426 0.5985743895670274 0.8557942540721446 1.1601658938881518 1.487667027170896 1.828003510124258 2.1336577922380706 2.38506305972287 2.5015531927201677 2.4551078360771963 2.140463942406575 1.5494720944690172 0.7668064576537542 0.17787761391273096 
0.5050000000000001 -8.788797896917833e-7 1.457207442581189e-6 7.680041477952293e-5 0.0003480696657510475 0.0018049550561682849 0.005976546991423224 0.01758759417457761 0.042234890436086074 0.09039107449788568 0.17030157987832262 0.2939335386412215 0.46516517392229606 0.6905954566934666 0.9634720478309683 1.2805854159759142 1.6202645733027055 1.9648730269443713 2.2714671620739737 2.497705495029508 2.567865625715826 2.403938228074165 1.9015351152596363 1.062265859289249 0.32082875750340867 
0.515 1.0134992535753423e-6 -1.0009876169267407e-6 7.425414889417666e-6 0.00025728938574434137 0.0010127296685342275 0.0039710431986510674 0.011330442024667507 0.029021789536703046 0.0630347074818498 0.12410336171872738 0.2195930415009745 0.3605136216958258 0.5498721534062287 0.7930874325634756 1.0841899010327192 1.4176041352553719 1.7741538592581887 2.1279602695604245 2.4371888323517767 2.634183733368761 2.63098182761487 2.2907747845725557 1.4729658154548166 0.5147664754140087 
0.525 2.2699366665403925e-6 -2.8460429584765447e-6 1.2049461210186449e-5 0.0001185747134840496 0.0008213660867215848 0.0026579490427841614 0.008269706650265263 0.020508304165349413 0.046308298962017616 0.09172019850081475 0.16742422925645578 0.27996964460776663 0.43955970515062603 0.6488827653777156 0.9125825450685422 1.2257621436132824 1.5812490296490769 1.960660041971241 2.331688018059203 2.6434066925124684 2.802262958577521 2.672813233141988 1.9949140039328757 0.8659636167243273 
0.5349999999999999 8.647420859236865e-7 -9.250028468014981e-7 5.494896588160688e-6 0.00019358111826997884 0.0006801108250950323 0.002529704922947236 0.006772358948658867 0.01703640581767503 0.036672063530470485 0.0732772268457904 0.13267194321442471 0.22526957668022463 0.357020112553761 0.5375472479120535 0.7698202965502854 1.0581925929095115 1.3993043233015134 1.78508774301755 2.196993783814421 2.5955399566372828 2.9096533211776436 3.00637909592105 2.5848437495959233 1.384926152113703 
0.545 -1.247309140695041e-6 4.432563693152446e-6 6.352869576351677e-5 0.00023440132305939105 0.0010275210716355462 0.0028712792181556646 0.007622620973865405 0.01679972343662455 0.03487540408724623 0.0653596188998112 0.11612962795255963 0.19262390272666968 0.30491268700799007 0.4587438670223646 0.6634554869053929 0.9230981205438795 1.24227380832028 1.620242687999416 2.04852104898097 2.508975156579098 2.949169564857474 3.2674019720878986 3.1901159613730465 2.101751536763114 
0.555 -3.270114955732095e-8 4.554557887911578e-6 8.96072759810966e-5 0.0004995848537281606 0.001560420101056619 0.004468510250957405 0.010105475850462413 0.021112474188114762 0.03920634149139247 0.06932700934378958 0.11481041050248 0.18353415166781717 0.28063378251767296 0.41591496122019955 0.5955112655212605 0.8289182490329184 1.1223001591041166 1.4815605804791638 1.9100977342736927 2.401145540396958 2.937000293555292 3.4449164720654144 3.74650955345194 3.011732721010331 
0.565 2.3287340627890785e-6 4.2062559766804244e-5 0.0002218168037755624 0.0008600495990794164 0.0028620751035409206 0.007131900238821888 0.0156539867561774 0.029519523334051334 0.051734540800315774 0.08377750451734749 0.13070365885882387 0.19556071006598752 0.2861422668767213 0.40760760852389144 0.5697408493308367 0.779845603552133 1.0483260601286308 1.3848555992997156 1.798855652593276 2.300419547896993 2.8911590152888635 3.550987582770089 4.199596277069516 4.076727062122071 
0.575 5.543067061429541e-6 6.130413136521274e-5 0.00039895884699068216 0.0016835237577725597 0.004950907527487275 0.012116289531793398 0.024509046575336795 0.044404399406659266 0.07244686028798582 0.11153955971176845 0.16270392109014137 0.23099549448702192 0.31935119231466297 0.4355832510618212 0.5854255671344052 0.7790632544561479 1.0260344424399983 1.3388948804105991 1.7332363503366848 2.225978198947156 2.8419214565896747 3.6021736217919584 4.526136707726807 5.203192409105163 
0.5850000000000001 4.9388327422964645e-6 0.00013983400911206698 0.000815825206483645 0.0030512058380441666 0.008796672772253693 0.019982779342448815 0.039016363831112066 0.06666606049879972 0.10470789402228593 0.1529145474948995 0.21398723391860497 0.2886523546758372 0.38207683102657175 0.497506096596184 0.6430111432502217 0.8256513413458479 1.0566849545556432 1.3493911490815385 1.720693472086729 2.196670079447458 2.81036521699135 3.6237070085024565 4.729895957402634 6.235147603426465 
0.595 1.5572791644191328e-5 0.00026563657866165297 0.0015444766181788034 0.005634511433788352 0.015060586552335565 0.032863784413320205 0.06061997712803785 0.09985763075080574 0.1498823395633673 0.21176290058400432 0.28459981180154903 0.3711477125372086 0.4722756202081448 0.5934788581543491 0.7388814730832415 0.9171664532295805 1.1376442590127571 1.4137806158413284 1.764706226578339 2.216313280200255 2.8133004300177613 3.6315481817074162 4.828835877015882 6.966697959262366 
0.605 1.5149454689388029e-5 0.0005655000937075998 0.002989800697381884 0.010037621295000706 0.0255819725381188 0.05251748063148888 0.09288668977500049 0.1461084262499837 0.2121892778263683 0.2891545493898365 0.3778495912673491 0.47730263613812096 0.5906723211917025 0.7195091592105428 0.8698466855483629 1.0473177126015236 1.2616844121443567 1.5256055243766058 1.8565503063746431 2.2828282976570438 2.847742223907617 3.635414829252518 4.82780628539955 7.212148770690861 
0.6149999999999999 0.00015057830180649227 0.0011699667633641915 0.005575948246229496 0.017742886741952988 0.04224049402205664 0.08246953881441452 0.13856246547088313 0.20984049618793774 0.2934881850920624 0.3887622385064867 0.4933258741157411 0.6084387268672995 0.7337037294263475 0.8729060443397327 1.0287719221529061 1.2079937341370193 1.4183012949429878 1.6710381179257172 1.9834709606046588 2.3792229042612716 2.901671025282484 3.6242709097429273 4.720980002463185 6.889533905898908 
0.6250000000000001 0.00023767313064561156 0.002334429275187462 0.010368955663175587 0.03052837879415639 0.06846625582446328 0.12601549973846896 0.20229792197570362 0.29362695439894143 0.3976275253220707 0.510733677821884 0.6325952425265355 0.7614168367997869 0.899241525664226 1.0467156851170212 1.2082261029816654 1.3879808209941347 1.5932767540742594 1.8341960101883974 2.1239699542971833 2.4849201723519823 2.948778347538549 3.5772560072223283 4.492470763873572 6.0712548034528435 
0.635 0.0005867563376144688 0.004598289155151127 0.01879582186039314 0.05158084163637424 0.10801552545415766 0.1881531388350406 0.2874529069037488 0.4015124767436713 0.5252275356880592 0.6566028644858066 0.7927251655983119 0.9342899602668396 1.0805715113017118 1.2343365006016631 1.3974405084332566 1.5745380349524607 1.7711889861787802 1.994840684718595 2.2570530858237463 2.57201934493025 2.963161953077741 3.465009834498482 4.135404908514207 4.948706048123069 
0.645 0.001161569701315034 0.008922075783848704 0.0335275982114496 0.08489928539281194 0.16634466997208178 0.27320026547747434 0.3984613240810791 0.5346572176503245 0.6776969807501247 0.823489543071718 0.9715690250529535 1.1203410885747298 1.2715040928206311 1.4254844617388585 1.585285955158285 1.753707738872139 1.9348883699239376 2.1347521579005306 2.3591558766788743 2.617775558878476 2.9183661185173944 3.2688365490817857 3.656568443731963 3.7507967213853237 
0.6549999999999999 0.002554190662483905 0.01706070385046583 0.05835470175015959 0.13637294678564924 0.24894318735896453 0.38632109051526 0.5372262667975403 0.6944145893623536 0.8521633467792417 1.0088052388577595 1.162174482218104 1.313316808700481 1.4619338168168987 1.6101240571028599 1.7591136631298285 1.9112607469610892 2.069378166887937 2.235521857572125 2.413290557164523 2.6021497269920406 2.800022172836683 2.983528560516303 3.0864580734219977 2.6580294791157866 
0.665 0.00529736451387734 0.03202333766195594 0.09924068836838384 0.2127968308115036 0.3621968608690595 0.530524712464671 0.7052557910294152 0.8779579122790524 1.0454714338746278 1.2051986528928835 1.357858078847252 1.5029785773736477 1.642333171098737 1.7764361148021643 1.9068461758851265 2.034746646110794 2.1605793667650626 2.2851412815362666 2.405660783878311 2.517199154324452 2.6034686197130683 2.6240694462821934 2.4739061471994925 1.7688998830943867 
0.675 0.011188079220741921 0.05888451386333476 0.16404689964106728 0.3223654210497561 0.5108328303405009 0.7078656845851903 0.8998818341262165 1.0815054060893468 1.2497364204027572 1.4052835793965939 1.5480035218664514 1.6798438485396403 1.8012805407402392 1.9137420157444223 2.017760360134947 2.1132645976307796 2.1999822844808046 2.2746992399957424 2.3328684207296804 2.3621540296353043 2.3397522602630643 2.216666920387327 1.8778988785673916 1.1081256677077476 
0.6849999999999999 0.023054772884071196 0.1056039520329769 0.2631558269183805 0.47248468994179826 0.6981760245762904 0.9160737620634882 1.1166750019685683 1.2964847040682737 1.4566209390026938 1.5978476148086236 1.7228232026261294 1.8325775575466436 1.928927126227265 2.0124283465744437 2.083145653092408 2.1406161788762916 2.182020840782307 2.2038061945871594 2.196863629519575 2.1477311376704398 2.0283863553311776 1.7949299299666905 1.3490720213278045 0.6542153580400362 
0.695 0.04706116611418066 0.18400862450124617 0.40782919479139507 0.6691046651184639 0.9228928607187652 1.150107164752157 1.3461695270677145 1.5133167524783995 1.6540601336291907 1.7724938259343368 1.8708331885732579 1.9517645397675754 2.0163761748608544 2.065291320518232 2.0983312014334077 2.1134659826967965 2.1081597216315653 2.0760166493070327 2.0084845875936264 1.8897123237020155 1.6954244604300197 1.390893700989377 0.9182469829168451 0.3642675087105113 
0.7050000000000001 0.09353648785575479 0.30980744441585845 0.6089365702701067 0.9131158828126228 1.179530860911974 1.3993259086964254 1.577151647987831 1.7187274486409148 1.8307203659979314 1.9173652130504684 1.9827629099968749 2.0289832745116994 2.05750624460549 2.068724532125047 2.0615395452317165 2.0343875849042767 1.9829443142968008 1.9019086789014361 1.781585173101348 1.6089811664131468 1.3656759501968452 1.0308134863434932 0.5932411184589627 0.1915580981114287 
0.715 0.18045589186160158 0.5014179459515186 0.872508986975504 1.1994505082787013 1.4559100468408643 1.6503083740299893 1.7946082631656524 1.9000285607034701 1.9741054821929251 2.023090831918001 2.0505089229386977 2.0589395014966376 2.049536415312307 2.0221368457976974 1.976069600945106 1.9085852512660963 1.8165607135636248 1.6939767468025655 1.5337495725675505 1.3255412303511662 1.0602646144745052 0.730704963662316 0.364601031420974 0.09541402998632792 
0.725 0.3337312815204693 0.7754999444405071 1.1965555248232116 1.5140987526136325 1.7354960148699226 1.8854863576693943 1.9839015374027782 2.0437258386044053 2.0744986678685167 2.0817669773314496 2.0694527386620125 2.039581062560207 1.9928728918946992 1.929411726651966 1.847634937012677 1.745895292005596 1.6204849566029904 1.4675554266256694 1.2815007259733033 1.0572093115731782 0.7934268945825041 0.49595546144805613 0.21369215074361278 0.045241851883742745 
0.7349999999999999 0.5868304717074446 1.140219384699966 1.5661201624975016 1.8359139325891358 1.9968228677656157 2.087362824732963 2.1300147892541657 2.139474126260893 2.1240908069202504 2.0893717643040244 2.038260550815491 1.9722471310420593 1.891972618816208 1.7967513019652541 1.6858427096134732 1.5570676229010396 1.4084254185596317 1.2367811197703225 1.0398552033569664 0.8167007694920377 0.5725525522899458 0.3228778633477487 0.11982349785610719 0.02054970607040657 
0.7450000000000001 0.9712735427327762 1.5857823418674577 1.9534785610041918 2.137031394937903 2.2180473074818177 2.2385811497111656 2.2216074344732997 2.179458286088335 2.119436418422846 2.045351493934703 1.9592288772979565 1.8620360563002054 1.7535908960211934 1.6336685922576362 1.5010052276888803 1.354604787478477 1.1928335577877134 1.0146118512302065 0.8198349744142117 0.6116138878249081 0.39868304243730124 0.20209241253096727 0.06460283979115855 0.008952636242694212 
0.755 1.5017059743241201 2.078474240222337 2.319400346702698 2.3884729454324076 2.3781412896139855 2.3262690003470086 2.2507598629308547 2.160857343895233 2.0609034584775565 1.9530610003758357 1.8382404115648714 1.7163517066430287 1.587324520977714 1.4502575370831858 1.304758840850597 1.1497790583424448 0.9850756267249818 0.8107085768148422 0.6285649395423738 0.44443346424620433 0.26821582568008623 0.12196839573672125 0.03372834327045188 0.0036066761418415694 
0.7649999999999999 2.1536599387422752 2.5601052082154734 2.621399874540059 2.5631755121049022 2.4618519485519244 2.342296585164385 2.215434475243785 2.085200712231224 1.9531139692840962 1.819368155397196 1.6834962529092148 1.5450643945019455 1.4032225121325361 1.2576048764025787 1.107470069412201 0.9528445148785745 0.7936481426859268 0.631534803682906 0.46914554027324573 0.31365272662766225 0.17472829934449507 0.07124431201424031 0.01714327148352318 0.0011315161759832548 
0.7749999999999999 2.849904255821233 2.959557758216386 2.8208663029978047 2.642172735489878 2.4607064002892534 2.285760136641435 2.1187264236933885 1.9587331590905595 1.8041950568887701 1.6535002977707218 1.5053025810248684 1.3583996314661348 1.2119859090942617 1.0654791607660663 0.9185160136033623 0.7713577832027995 0.6244793040099753 0.4800353436413602 0.34141429801939177 0.21521493911463402 0.1105059554386438 0.0406225376270844 0.008289133659564879 -0.00017854405735314577 
0.785 3.4649564532768276 3.210189741973229 2.89252332500363 2.616612900303537 2.3755995260405185 2.162045582577404 1.9690549317592287 1.7912632750632713 1.6246816414611776 1.4664123847280865 1.3142540152007043 1.1668074462471023 1.023053573153573 0.8824461769845298 0.7449006772828383 0.6104824014117269 0.48052088714716434 0.3564250706813458 0.24272190650502756 0.14377283546745667 0.06812797517211366 0.02280061899481156 0.0035161731146128583 -4.673914861565154e-5 
0.795 3.8590089731675334 3.270219814299286 2.827974250948697 2.4904833117978726 2.215537549412064 1.982647687669458 1.77855072307226 1.5949922487385915 1.4264788141506677 1.2691852408490505 1.1207748098288859 0.9794355366887157 0.8444408967339931 0.7149419923660862 0.5912132943141604 0.47301315299515656 0.3619839486134336 0.259098203282003 0.16876134817641086 0.09376170805294737 0.04129114048229826 0.012411270837257155 0.0011019224659576665 0.00035135823019238205 
0.8049999999999999 3.928851399619505 3.1330651613367824 2.6378864414365877 2.2788007451826022 1.9967032347088112 1.7629526292512652 1.5616247520237285 1.3831027000522036 1.22131563033441 1.072382033052434 0.9337532548945584 0.8039511826891508 0.6819207879084801 0.5672977453296165 0.45966322728369663 0.3595260283071066 0.26727933495797573 0.1849650829055527 0.11485409493621965 0.05995059698453188 0.024894731810880255 0.006160168686526746 0.00040220793444002007 0.0006484498829759794 
0.815 3.652202877581768 2.827636408137951 2.3482529273618926 2.0053694491449696 1.7392217573221376 1.520390439221255 1.3330935181658385 1.1682220119687534 1.01991698953283 0.8847966336135934 0.7604139177823166 0.6456833814983793 0.5393552255523381 0.4413783989232666 0.3507776275146042 0.2685136359627983 0.1939530630220251 0.12996919357814335 0.07660669574579906 0.038015713952074814 0.014695157569161177 0.00265866144893781 0.0006903005720518621 -2.1885838730629353e-5 
0.8250000000000001 3.0988733591215034 2.4066323879671616 1.9957566546138152 1.6976969839874834 1.4646537774560475 1.2718874308981016 1.10670403489121 0.9612512541888361 0.8310702453698251 0.7130987778023841 0.6058018236561384 0.5077873452523124 0.4185548204933521 0.33716801694871434 0.2635373585108687 0.19731501517805203 0.1389567306486192 0.08991372490505765 0.05032391427684038 0.02421862126536084 0.008045890756162855 0.0013452852921740782 0.0007001974166274093 -3.774496932723928e-5 
0.835 2.40088124212606 1.9326802442858078 1.6196620239067545 1.3831430303226355 1.192631670663666 1.0324214942368257 0.8935919366279358 0.7708317104450624 0.6609397145668005 0.5618580966810407 0.4725061666947474 0.3917331045400712 0.31920201879164656 0.2536293355980863 0.1954066503619692 0.14311488265452613 0.09871159929527931 0.06114006672642072 0.03316104821561583 0.015089077433304982 0.004196562926395836 0.001011342832222574 1.531226627958515e-5 -2.259424261141091e-5 
0.845 1.7007066919943243 1.463825679521232 1.2557014064842313 1.0845882640704145 0.9392932466840458 0.8132925116260209 0.7019627141166823 0.6026274919050149 0.513322307336862 0.43325392450241335 0.36129432311431486 0.29720244083347985 0.2397320155827094 0.18874393040367257 0.14318783803628846 0.1032244376507823 0.06934593173763756 0.04130991983800868 0.02195002181860986 0.009001175664123673 0.0023579727156899932 0.0006288253326120624 2.8760337476407133e-5 1.4037316264318284e-5 
0.8549999999999999 1.1037117860111874 1.0449460665617742 0.9302060218843708 0.8187121165498646 0.71567505979788 0.6218755490606916 0.5367269631590935 0.4594749286860843 0.389831390384711 0.32731565896474474 0.2716554779868487 0.22222512672149894 0.1782433202858395 0.1392868272151666 0.10433872698789853 0.07422257058655596 0.04827124499728608 0.028099309545570605 0.014332883179678929 0.005279158866797196 0.0014353263396833793 0.00034508171339719257 -3.9742126567952896e-6 -7.158952922397405e-6 
0.8650000000000001 0.6582746060352134 0.7024764618008932 0.6585400725486383 0.5950531523892448 0.5276132536690327 0.4617577979503274 0.3995574344478694 0.3420713353082595 0.2898262941714827 0.24299049765399697 0.2014643712154601 0.16456946162690997 0.13183729631848148 0.10239454011857235 0.07610426887207679 0.05318812720615344 0.033614489072696443 0.01922037587215042 0.009177481033991602 0.0031648554260740175 0.0008526645696851909 2.088254551155244e-5 -1.7326250166364854e-6 2.565094559849046e-6 
0.875 0.3623000701811833 0.44464464058449626 0.44551624489599173 0.41645782477286053 0.3764895858431575 0.33304980215488766 0.28989045785386586 0.2490030217105469 0.21154070214313936 0.1779525769645013 0.1481234640361491 0.12148910927762979 0.09751853247400802 0.07550217184297513 0.05573979760152559 0.03810618025020043 0.023599312041069215 0.013105472453355665 0.0058380985542297315 0.0019308005463673783 0.0004226738927219295 3.5291451552007386e-5 -1.5728483994306014e-5 7.310951080381073e-6 
0.8849999999999999 0.1850039851054025 0.2652192309716975 0.28800167044046854 0.280788618585277 0.26009225687588605 0.23353723150710662 0.20525057436605493 0.17773064500559996 0.15224470231257067 0.12935657864449682 0.10877213165661881 0.09008416384272394 0.07261151886984885 0.05619776353628543 0.04104856455922831 0.02746342126101302 0.016693261953110855 0.008893119817143108 0.0037247429074675764 0.0011434963906823553 0.00028315340375598477 -8.609714428377269e-7 -1.6855738870641401e-6 3.527102440843699e-7 
0.8949999999999999 0.08823579587605804 0.1493284794557092 0.17789437833495067 0.18235859320772815 0.17409517011948897 0.15939749281849133 0.14225979076776574 0.12497722294257498 0.10886102611321197 0.09414993542421601 0.08058143387040373 0.06761674500067871 0.05483251024556608 0.04235485111519256 0.030470971301205588 0.019978909076181703 0.011853830544180169 0.006029550614970736 0.0023523268399203157 0.000664029831627666 1.772227616447103e-5 -9.173532062450862e-6 5.58546827877579e-6 -5.988435903495765e-6 
0.905 0.03961602597779834 0.07966518374781335 0.10507231486814508 0.1142568610885377 0.11302027988358129 0.10622359473727071 0.09698927405823705 0.08735847769660976 0.07817809557004174 0.06948500059598631 0.06085489308247996 0.05179770891004798 0.04220146216812309 0.03235644956229265 0.022852524921871883 0.01464684581831549 0.008454877045237924 0.004051423140898763 0.0014917264101920596 0.0003614617364545644 2.7788304330852998e-5 -8.984066171991573e-6 1.734248384049203e-6 -1.0043245912867704e-6 
0.915 0.016901556618128307 0.04037114914984151 0.05938361483705289 0.06899454900844548 0.07138995357994357 0.06950900389222203 0.06577230540947511 0.06156206173705391 0.05730567422064358 0.05272919725083855 0.047300560903413245 0.04073638219460867 0.03312752282945523 0.02506823555886266 0.01727755817793747 0.010832800717488697 0.006008342806783015 0.002715598968454011 0.0009118739787533983 0.00020305770742660642 4.160593614337821e-6 -4.858278278459249e-6 1.2024686103610793e-6 -8.161759800992541e-7 
0.9249999999999999 0.006911548123085705 0.01962473697759556 0.03226569692205781 0.040483606260350094 0.04416113951064074 0.045210277115536636 0.045129495397498026 0.04465016559131851 0.04368039511635051 0.041639999268890636 0.0380953024807772 0.03288841306880383 0.02651139343166249 0.019605544596127886 0.013182038999732734 0.008024328991275073 0.004260661017880044 0.001782576996820634 0.0005640768687652925 0.00011051440913720234 2.389438733159388e-6 -1.2258227683782652e-6 -6.166253625761176e-7 8.408729238081059e-7 
0.9349999999999999 0.0027438204583421673 0.009086118831756144 0.016831255119513933 0.022977033864780057 0.02713791475784117 0.029987146692741443 0.032316601590389946 0.03423828274575925 0.03515675177906772 0.03446118634635835 0.031723247331218 0.02720630996215466 0.021474712478056907 0.015463057136168301 0.010083481995019558 0.005956842497591153 0.002973962121610371 0.0011723898864918203 0.00031274973342730605 8.482925866956648e-6 -5.380579286805298e-6 2.6346093217645417e-6 -1.6417390389864006e-6 2.0813922044227162e-6 
0.9450000000000001 0.0010577259347511678 0.004211914345701815 0.008714474306723268 0.013307374455518578 0.01722058110207895 0.021028361662885596 0.024908351536950986 0.028196448102756587 0.030069163721476583 0.029747148953486978 0.027213313567177495 0.022841796071060294 0.017556036622641547 0.012208776441424707 0.007745739899200216 0.004375642423519455 0.0020591330950541636 0.0007464395002763566 0.00017863186254300084 1.1601420907888377e-5 -2.0678138553872905e-6 2.709329762840343e-6 4.3702908349499414e-8 1.205293301363014e-6 
0.955 0.0004147921958365039 0.001748701171271072 0.004330264212832301 0.007592088305496698 0.011771710923632987 0.016586663654052057 0.021360889728195415 0.025249319079064143 0.027094781849941116 0.02655564835737194 0.02370321880146818 0.01935988332320039 0.014333641919301796 0.009657107695259723 0.0059070752855387015 0.003190460037526266 0.0014007038810649047 0.00047317275869446923 0.00010854078523617541 2.744667677084464e-5 2.8295570240728998e-5 1.2194981582110825e-5 5.444020487231985e-6 -1.2736431563055428e-6 
0.965 0.0001523190837625886 0.0010330844557772043 0.0027460518231367526 0.005798899667596846 0.009792890734252463 0.014740352464809835 0.019987521911656383 0.02377516807630306 0.02528396071221628 0.02411355351954296 0.020884176449458003 0.016388358916168133 0.011709290067905484 0.007594989789389342 0.004496271566062707 0.002278053843680211 0.0009341738605977978 0.00029481519415340204 7.062508560517003e-5 3.6522636085237203e-5 2.394325976894096e-5 2.4803393638842333e-5 2.785080544572688e-6 3.1115278076310204e-6 
0.9749999999999999 8.725539772042393e-5 0.00027208239084669517 0.0014992117505087388 0.004090146317679497 0.009031978845391864 0.015270349709896845 0.0204665387247574 0.02371003267926733 0.024086944152600966 0.02203531038848308 0.018248476136466935 0.013798245410947402 0.00944355546676559 0.0059396575985307815 0.0033368223052145096 0.001606465695618356 0.0006375025783215277 0.00018580628887284942 6.13249742769436e-5 3.3112766409945996e-5 4.054860488936045e-5 2.365224967713561e-5 2.980875816816289e-5 3.87341942539518e-6 
0.9850000000000001 3.330467292740266e-5 0.0008016286369942095 0.0024611531344808334 0.006224586827517295 0.01108372691721142 0.016099475124605953 0.020869583908911422 0.023113082243531556 0.022751825977541072 0.020069352754086 0.016021617282453715 0.011552232033696513 0.007645297547893837 0.004618479827043359 0.002495737390991945 0.0011293416792165778 0.00037995126156509587 0.00013285536217579053 4.7645301897228376e-5 4.81013124600891e-5 3.292935868313626e-5 3.9965193354826387e-5 1.335378871387266e-5 5.557520473941507e-6 
0.995 9.374549985790778e-5 4.18208509826018e-5 0.0014996807424496814 0.004853770977872318 0.011299259878552043 0.018914685768734417 0.023005139121532077 0.023964752331276373 0.021934418724998787 0.01801435788989364 0.013565745904507709 0.009422362957349842 0.005979944745124546 0.003453717036742618 0.0017381222638543359 0.0007329233745441768 0.0003246985042551151 9.522343485980633e-5 5.732115483190331e-5 4.2589159666940254e-5 4.4491189045469184e-5 2.8109886767444317e-5 2.765825173911031e-5 4.678104210736542e-6 
